25
20
25
15
19
20
24
25
20
10
30
10
20
20
10
10
10
10
30
40
20
20
10
11
13
8
8
14
12
11
21
10
20
10
0
30
10
10
10
20
0
20
10
10
10
10
10
30
30
30
30
20
10
10
20
10
0
0
10
10
10
20
40
30
30
40
20
10
10
10
10
10
30
20
20
10
40
10
21
20
20
20
10
10
10
10
10
10
20
20
30
30
10
20
20
20
30
50
31
20
20
10
0
0
20
20
0
20
10
10
10
20
0
10
0
9
19
11
13
12
11
7
6
7
14
8
13
9
11
11
10
15
8
19
20
10
10
10
20
10
10
10
30
20
30
30
30
40
0
20
10
0
10
10
20
10
41
20
20
20
20
10
10
20
10
0
0
30
10
20
0
10
10
10
10
20
40
0
0
20
10
10
20
30
0
10
10
10
10
10
20
8
30
10
10
20
30
0
7
18
0
10
10
10
10
10
10
10
8
13
14
6
0
10
21
10
998
1
1
10
10
20
10
10
10
10
50
10
10
20
30
20
30
40
30
31
10
10
30
40
30
10
10
10
20
10
10
10
30
40
30
30
30
30
10
10
10
21
10
20
10
0
10
0
10
10
10
10
20
10
30
10
50
20
40
10
20
10
10
30
30
10
30
20
11
11
11
9
10
9
20
30
40
30
40
50
10
20
10
10
10
20
10
10
30
10
10
10
20
10
40
21
10
20
0
40
10
20
10
10
10
10
10
30
20
10
30
30
50
50
24
22
20
20
16
21
30
20
9
10
11
10
11
31
20
40
20
10
20
20
20
10
20
30
0
0
20
30
20
0
10
0
10
40
20
40
30
30
20
21
10
10
10
8
11
11
30
20
21
10
30
30
10
10
10
0
10
10
11
0
10
10
10
10
10
10
0
10
10
10
20
30
20
30
30
20
30
30
40
20
10
20
10
10
20
30
10
10
10
20
11
0
30
40
40
40
0
35
8
15
25
8
18
6
12
20
10
20
40
20
10
20
20
40
10
10
40
20
10
30
0
30
20
10
10
10
30
10
0
10
0
10
10
10
40
20
10
0
0
0
10
0
10
10
10
10
10
0
21
40
0
10
10
0
60
20
10
10
20
20
10
10
30
40
10
10
10
10
30
30
0
20
10
20
20
10
30
30
10
20
10
20
10
10
10
22
26
8
7
14
9
8
11
10
10
20
20
10
40
10
20
20
30
20
10
20
10
0
10
0
10
20
20
10
10
10
20
20
20
40
20
10
30
10
30
40
0
0
20
20
20
10
10
10
10
10
30
30
11
10
10
50
30
10
10
10
10
20
10
40
10
10
20
20
0
10
0
20
0
10
14
13
14
20
10
0
0
10
0
10
10
10
10
20
10
0
10
20
16
11
8
11
10
0
10
20
20
20
20
10
20
20
10
10
10
10
10
11
40
10
10
30
20
40
20
10
10
10
10
10
30
30
40
30
40
21
10
15
10
10
30
0
40
30
10
20
40
30
20
20
20
23
23
10
30
10
10
10
10
10
30
10
10
0
20
30
10
20
40
40
20
30
30
0
20
10
10
10
30
30
10
10
10
20
0
10
8
10
12
11
11
38
38
10
10
10
8
10
20
10
10
30
20
30
10
10
0
0
10
10
10
30
10
20
21
0
10
0
40
20
40
10
20
0
10
0
20
20
30
30
10
10
20
21
9
10
0
10
10
10
10
30
20
10
0
10
10
10
10
10
20
20
0
20
10
20
0
10
20
10
20
20
10
10
10
40
10
10
40
0
10
10
30
21
20
10
10
20
10
10
0
7
6
11
14
7
6
6
10
10
16
12
18
14
18
18
13
12
10
10
20
20
20
30
40
40
20
10
10
10
20
10
20
37
8
8
10
0
40
10
0
12
30
30
10
10
30
10
10
10
20
40
20
10
10
20
11
11
40
20
20
40
10
10
10
32
0
10
10
0
30
30
10
0
20
30
40
10
10
20
0
10
10
40
30
14
12
15
6
12
8
10
0
10
10
10
0
40
10
10
30
10
20
10
30
20
31
31
10
11
9
34
11
14
10
9
10
10
6
9
11
16
9
16
15
9
10
5
9
9
21
17
15
9
12
11
13
12
8
6
12
9
6
11
12
16
9
10
12
15
20
6
13
11
7
8
16
20
11
11
10
10
10
10
10
10
10
10
10
10
30
20
10
20
10
10
10
10
10
20
10
10
20
20
10
30
20
31
31
10
10
30
10
0
10
10
10
10
30
10
20
26
8
36
36
14
6
9
7
7
8
15
14
8
11
12
9
10
10
10
10
10
20
90
10
10
20
0
10
10
30
10
10
10
1
10
20
10
10
40
20
20
10
30
30
10
10
10
30
40
40
20
11
10
10
20
20
10
20
20
20
30
30
70
20
20
40
30
10
14
10
10
15
10
10
20
10
30
20
30
0
10
20
10
20
10
10
21
20
10
10
10
10
20
10
0
10
30
20
30
10
10
10
10
10
10
20
30
20
10
20
10
20
10
10
30
10
10
10
24
30
7
11
12
7
15
6
10
10
40
30
10
40
30
20
20
20
10
20
0
20
20
30
10
10
10
20
20
40
0
30
10
30
40
14
9
9
7
10
11
8
10
10
10
10
10
30
10
20
60
30
30
30
70
30
30
20
20
11
10
10
10
10
0
10
20
20
30
0
10
10
10
30
10
0
0
10
10
1
10
30
20
10
10
10
10
10
10
10
10
10
10
10
10
10
10
10
10
0
20
10
10
20
50
10
0
0
0
20
20
20
30
20
10
10
10
20
30
10
10
10
10
10
10
30
0
10
30
40
10
30
30
10
20
30
30
50
20
20
40
30
30
10
13
9
12
10
10
10
0
30
20
20
40
30
30
40
30
0
30
40
0
10
0
10
30
20
40
30
20
20
10
10
10
10
58
30
30
30
10
10
20
9
27
29
8
15
12
13
11
7
8
5
10
10
17
17
20
10
30
30
0
10
20
10
10
10
30
10
0
20
10
10
20
30
30
10
40
10
30
20
10
30
20
30
30
10
30
9
16
10
20
10
10
20
10
10
20
20
41
10
10
30
0
20
60
10
60
60
10
30
20
0
0
10
0
30
10
30
10
0
1
10
10
11
7
10
40
20
10
10
0
12
20
10
10
10
10
10
0
30
0
10
21
0
10
10
10
10
10
10
10
20
20
10
10
10
20
0
10
0
10
20
10
10
0
10
10
10
30
30
40
10
10
10
0
10
30
10
20
10
10
30
10
7
10
11
9
9
30
10
7
10
8
14
10
0
10
40
20
10
10
10
10
10
10
30
20
20
40
40
30
13
0
10
10
10
10
20
20
30
10
40
18
7
8
10
10
40
30
40
10
25
10
20
10
10
50
10
10
30
40
10
30
30
10
11
11
10
10
20
30
10
10
30
40
40
40
30
40
110
100
10
20
10
20
10
10
10
10
10
10
10
18
15
20
10
30
11
11
12
8
39
10
10
20
10
50
20
31
11
10
20
20
10
10
30
30
10
20
10
10
30
20
10
10
30
11
11
0
10
10
20
20
10
20
10
0
30
10
10
10
30
20
10
30
0
10
10
10
10
30
20
30
30
10
47
11
11
11
7
8
20
14
10
7
9
9
9
7
17
16
21
25
35
25
24
12
12
36
33
40
10
20
0
10
50
20
30
10
30
20
10
50
30
11
20
20
30
10
10
10
10
10
30
20
20
30
10
10
10
10
10
20
20
30
20
20
10
10
0
10
10
20
10
20
10
10
26
26
10
10
0
10
10
10
10
30
10
10
0
10
10
10
10
0
20
10
20
32
22
20
30
40
13
9
9
14
19
22
10
10
10
10
10
10
10
10
23
21
30
50
10
20
0
10
10
10
40
140
40
20
20
20
20
10
11
12
20
21
10
30
10
20
30
20
20
10
10
20
0
10
10
10
10
20
10
30
10
30
10
10
20
20
10
10
0
10
10
20
30
0
10
0
10
21
0
30
30
21
51
20
10
30
10
0
10
10
30
30
26
12
30
30
10
10
40
20
27
0
10
7
10
0
10
20
20
30
21
20
10
10
20
10
10
12
10
10
0
10
28
28
29
7
7
7
8
27
7
10
7
12
13
9
22
15
10
10
17
10
10
10
10
10
10
10
0
10
10
21
22
10
0
20
20
0
10
10
0
0
20
10
10
10
10
20
20
20
30
20
20
20
30
30
30
10
30
30
162
90
122
100
40
30
30
10
30
10
0
50
60
10
20
30
40
20
10
10
10
30
30
40
20
10
10
0
10
10
10
10
8
20
15
11
18
10
30
10
20
50
40
30
10
10
30
60
40
40
10
10
10
10
0
60
10
10
10
10
10
10
20
20
10
40
30
0
0
0
60
30
40
40
10
10
10
10
10
40
10
30
10
40
10
11
40
11
22
10
10
10
30
30
20
30
30
20
10
10
30
50
40
11
10
0
10
30
30
30
10
40
20
0
0
10
20
20
20
20
20
30
5
6
10
5
6
10
30
20
30
30
30
0
20
30
20
30
30
15
15
10
