40
20
0
10
10
10
10
10
10
10
0
9
7
10
10
10
20
10
7
10
20
20
10
10
10
0
10
0
40
10
8
9
0
10
10
10
10
30
10
20
0
0
10
10
6
20
10
10
10
10
10
0
10
10
10
10
10
10
10
10
0
20
10
10
0
10
0
13
10
0
10
10
0
10
10
50
11
10
10
10
10
10
10
0
10
10
10
10
50
6
10
10
10
10
10
10
10
10
10
10
10
10
10
0
10
10
6
11
7
20
0
7
10
0
10
10
0
10
10
10
10
14
0
10
10
10
10
10
20
11
14
10
10
10
10
8
10
10
0
0
10
10
0
20
20
10
0
10
10
10
10
0
10
15
10
10
0
10
10
10
10
0
10
10
10
10
20
10
10
10
2
10
10
20
20
10
0
10
0
3
10
10
0
10
10
8
10
12
10
10
10
10
9
11
0
10
40
10
10
10
10
10
10
7
0
10
0
11
10
20
10
10
10
0
0
10
10
10
10
10
10
0
10
20
10
15
10
41
10
10
0
10
10
0
10
8
10
10
10
10
20
0
10
10
10
10
10
10
7
7
6
9
10
10
0
10
10
10
0
10
10
10
10
10
8
0
0
0
10
10
10
0
10
8
0
10
10
10
0
10
10
10
0
10
10
11
10
10
6
7
10
10
6
0
10
10
51
10
10
20
0
10
0
0
10
10
0
10
0
8
7
10
10
10
10
10
0
10
10
0
10
10
10
10
10
0
10
9
10
10
10
10
10
6
6
6
10
30
0
10
10
10
11
10
10
0
7
8
7
10
10
10
10
10
10
10
0
10
10
0
7
6
10
10
10
10
10
10
10
10
0
2
10
10
10
10
0
10
10
10
10
10
0
10
0
10
10
10
20
10
0
14
10
9
7
12
10
10
10
10
0
10
0
0
0
10
12
0
0
10
10
0
10
7
0
10
10
10
0
10
10
0
10
10
10
30
6
9
10
8
10
10
0
10
10
10
10
10
10
10
10
10
10
10
10
10
7
7
10
10
8
10
10
10
10
10
10
0
10
10
10
0
0
10
7
10
10
10
10
10
20
6
8
10
20
40
10
10
10
10
10
10
10
8
10
10
0
10
0
20
0
0
0
10
0
0
10
0
7
0
10
10
10
7
6
10
10
10
10
10
0
10
26
10
10
10
0
20
7
0
0
10
10
10
6
9
10
0
0
40
7
10
10
0
10
10
10
10
10
10
40
0
7
0
20
10
10
10
0
10
0
10
10
10
10
10
20
6
10
10
10
10
10
10
0
10
28
10
10
0
10
10
0
10
9
9
10
10
10
10
0
10
10
10
10
10
10
60
10
10
10
0
10
6
10
10
10
10
30
0
10
10
10
0
20
10
0
10
10
10
10
10
20
10
10
10
10
10
10
10
10
9
10
0
10
10
8
7
10
0
0
0
20
10
7
10
10
0
0
10
0
0
0
10
20
10
10
10
10
6
10
10
0
0
0
10
10
10
0
10
0
10
0
10
10
6
7
10
10
20
10
20
