0
0
4
4
3
7
0
10
0
10
20
10
10
0
0
10
0
30
2
10
10
0
10
0
0
0
0
4
0
10
3
2
0
0
10
0
2
3
0
0
10
2
2
0
0
3
0
0
0
0
0
0
0
0
0
10
10
10
0
0
2
10
0
0
20
0
0
10
1
10
0
0
0
10
10
0
0
70
0
0
10
0
10
10
10
2
5
8
9
0
0
60
70
10
0
0
10
0
0
20
20
20
0
30
0
10
20
80
10
0
10
10
0
0
0
0
0
10
0
10
0
3
2
2
0
10
0
0
10
10
2
1
10
0
1
10
20
0
20
30
0
3
2
0
7
3
10
10
5
20
10
2
3
2
12
10
0
0
0
10
0
0
0
0
10
10
20
10
0
0
2
2
9
5
20
2
2
2
0
0
10
0
0
0
0
0
10
0
0
0
3
10
10
10
10
2
4
3
0
0
20
0
0
20
10
0
10
10
9
7
6
30
20
0
0
0
20
0
10
0
0
0
0
0
0
0
0
0
0
0
10
0
0
30
0
20
20
0
0
0
10
4
2
10
10
0
10
10
0
1
0
20
0
0
2
3
8
1
2
3
4
0
0
10
0
0
0
0
0
0
0
0
0
10
0
0
0
0
4
2
0
20
10
10
10
2
2
10
2
8
10
2
3
0
0
0
10
10
2
8
10
0
0
30
2
0
10
10
10
0
10
10
10
8
0
0
10
0
3
2
2
0
0
0
0
0
0
0
10
10
10
0
20
20
20
20
0
10
0
20
10
10
2
0
5
4
4
5
10
0
2
10
0
40
10
0
0
0
2
10
0
0
20
0
0
20
10
0
0
0
0
0
0
10
0
4
10
0
0
10
10
11
0
0
10
20
10
0
0
0
0
0
20
0
10
0
0
0
0
2
8
2
2
9
20
0
0
2
4
0
0
0
10
0
20
10
10
0
11
0
40
0
10
0
10
0
10
0
10
0
10
0
30
0
0
0
4
5
20
20
0
10
0
10
0
0
0
0
0
10
20
0
11
20
10
0
0
0
0
0
0
0
10
0
20
0
10
0
0
10
16
3
10
10
20
1
0
3
8
20
10
3
0
0
4
10
0
10
0
30
10
50
10
20
10
10
10
0
0
10
0
0
10
0
8
27
4
11
0
0
0
10
0
10
10
10
0
0
0
10
0
10
20
10
0
0
0
0
0
0
10
10
10
10
0
10
0
0
0
2
2
0
0
0
0
0
0
10
40
0
70
10
0
50
10
0
10
0
10
20
10
10
10
10
20
40
20
0
2
3
0
20
0
0
0
0
10
10
10
0
3
0
10
0
20
10
20
0
40
40
10
0
10
0
0
0
20
10
10
0
10
0
10
10
0
2
3
10
10
0
0
0
0
0
0
20
20
0
10
0
0
0
0
0
0
10
20
0
20
0
0
10
10
0
12
10
0
0
2
3
0
0
0
4
4
5
0
0
0
10
2
0
0
3
4
0
0
2
2
10
2
0
0
0
0
0
0
0
0
10
0
14
4
2
0
0
20
10
10
0
0
10
0
0
0
0
0
10
0
20
0
0
10
0
0
0
20
0
0
10
0
0
0
2
19
10
2
3
2
10
10
10
0
10
2
10
10
0
10
0
10
0
10
0
30
0
10
0
20
10
0
0
10
0
0
0
10
11
2
0
10
0
30
0
0
10
0
0
10
8
12
10
0
0
10
2
0
0
0
5
0
0
0
10
10
0
2
0
2
10
9
2
4
2
2
10
0
0
10
0
10
10
10
0
0
10
0
0
0
10
20
0
20
20
0
0
10
0
10
0
0
0
30
10
0
10
0
0
6
0
10
0
10
0
30
0
0
2
7
4
10
11
3
20
0
3
1
0
10
0
0
0
10
0
0
0
0
0
10
10
5
6
10
2
3
0
0
2
0
0
0
0
0
10
0
0
10
10
0
0
4
10
0
10
10
10
0
0
0
20
0
10
0
2
20
0
10
0
0
0
0
10
10
0
0
0
0
0
0
0
10
0
0
10
10
0
0
0
10
0
0
0
0
0
0
0
0
0
0
10
0
0
0
10
10
2
0
10
0
2
3
10
2
4
2
2
3
0
0
0
10
0
0
10
4
2
2
10
0
0
10
0
20
10
0
0
0
10
10
0
10
10
0
0
10
10
0
0
0
10
0
0
10
6
0
0
30
6
6
4
11
4
2
2
0
0
2
0
10
2
10
0
10
10
80
0
70
10
10
0
0
0
0
0
0
0
0
0
72
4
0
10
0
0
0
10
10
7
4
2
4
2
5
10
10
80
10
0
10
10
0
10
20
10
0
20
0
10
25
4
10
0
0
0
10
20
0
0
0
0
70
10
40
0
10
0
0
0
0
0
10
0
10
2
5
3
0
0
31
5
0
0
0
10
0
40
10
10
0
0
20
10
0
12
3
10
0
10
10
0
10
0
10
10
10
10
0
20
0
0
0
0
10
3
28
10
0
0
0
10
10
10
20
20
0
20
10
10
10
0
12
3
5
5
6
10
0
1
1
0
0
0
10
0
6
5
0
3
2
2
1
4
7
1
3
0
10
10
0
0
0
10
0
10
0
0
0
10
0
0
30
0
0
10
10
30
0
10
10
0
2
2
1
3
10
0
10
10
0
0
0
10
0
10
10
10
0
10
10
0
0
10
20
0
30
20
0
10
0
0
10
10
0
0
0
8
3
0
20
10
0
0
0
0
0
2
20
0
0
0
0
0
0
0
0
10
0
0
10
10
0
0
4
4
3
1
3
10
2
6
0
0
0
10
0
0
0
10
0
0
0
0
10
0
0
20
10
10
10
10
10
10
0
10
0
2
7
20
0
10
0
0
2
10
0
12
10
3
10
10
2
3
0
20
0
2
3
2
3
2
5
0
0
10
0
0
0
0
20
20
0
0
3
2
2
7
11
1
1
2
8
2
10
9
30
20
10
5
0
60
10
0
0
10
0
0
0
0
0
10
10
10
10
0
0
10
0
0
2
6
0
10
0
0
10
0
10
10
10
20
0
0
1
5
10
9
7
20
0
10
30
0
0
0
0
30
20
0
0
0
0
0
0
0
0
10
0
10
10
0
0
10
0
10
0
10
10
10
0
0
0
2
0
20
10
1
10
0
20
40
10
0
10
0
11
10
0
0
10
3
1
10
0
10
10
0
0
30
0
10
10
0
0
0
10
0
10
10
0
0
10
0
10
10
20
6
4
0
0
5
2
2
3
0
10
0
10
0
10
10
10
0
20
10
0
12
0
0
2
5
5
10
0
0
0
0
0
0
10
10
10
10
20
6
2
20
10
120
0
10
10
0
0
0
10
10
0
0
20
10
10
0
0
0
10
0
0
10
89
5
6
2
20
10
2
8
0
0
0
0
0
0
0
0
20
10
0
0
0
0
10
20
0
0
10
10
10
0
10
10
