10
0
10
10
10
10
81
20
10
0
0
0
0
10
20
0
0
30
30
0
40
50
0
10
10
20
0
10
10
0
0
0
30
20
0
0
10
0
0
20
10
10
10
10
0
0
0
10
0
0
0
0
0
10
30
40
20
10
20
30
0
30
0
0
0
10
20
10
0
0
10
10
20
20
4
4
4
2
8
4
11
3
3
6
12
4
5
20
0
0
0
0
0
0
0
10
30
30
10
0
0
0
30
0
10
0
0
0
0
20
20
0
20
0
0
20
20
10
10
0
0
0
10
0
0
0
0
10
0
0
4
4
3
2
1
10
0
20
0
0
0
0
0
0
0
0
3
3
3
18
20
30
11
3
6
14
2
5
20
20
0
20
0
2
0
0
0
0
0
20
20
0
0
20
0
0
20
0
32
5
10
3
4
1
28
20
0
10
10
10
30
10
20
10
10
10
0
0
20
0
10
10
0
10
10
3
0
40
10
10
20
0
0
20
20
0
20
20
20
0
20
30
30
40
0
0
0
0
10
20
10
0
10
0
10
22
7
11
24
8
5
0
0
20
20
30
5
12
12
2
11
5
4
3
4
20
0
20
0
20
10
10
0
0
20
20
0
0
0
20
20
20
20
30
0
0
0
0
0
10
0
0
10
0
0
0
0
4
1
2
20
0
20
20
20
20
20
0
0
20
10
0
20
0
3
0
3
11
3
3
2
0
50
50
50
10
24
32
6
7
0
20
0
11
4
2
4
2
3
4
10
10
0
20
20
20
10
10
4
20
20
0
10
10
20
20
10
0
20
30
0
20
10
20
20
30
30
20
0
0
20
10
0
0
0
0
0
20
20
0
20
0
1
2
2
4
5
8
4
6
11
3
1
2
2
2
5
20
0
0
10
0
0
0
20
20
0
10
0
0
10
10
10
10
10
10
10
20
10
0
20
20
0
10
0
0
10
0
0
3
4
5
0
0
0
0
10
10
40
20
0
2
1
4
3
5
9
1
2
10
10
10
20
10
13
2
3
2
3
5
5
0
0
3
5
3
11
30
4
3
0
10
0
0
0
20
20
20
10
0
30
20
10
0
10
10
10
0
10
40
20
10
10
10
10
10
11
20
0
10
0
0
20
20
2
0
10
10
10
0
10
0
10
20
20
20
10
10
0
30
10
0
30
20
20
10
0
0
30
30
20
30
10
10
10
0
3
2
8
10
3
3
6
3
4
0
10
10
10
0
0
0
10
10
0
0
10
20
10
0
0
0
10
0
0
10
30
0
0
10
10
14
4
7
6
9
2
1
5
2
41
18
18
4
4
6
4
2
5
8
9
3
6
5
10
0
0
0
10
0
0
20
0
10
0
0
0
10
10
20
2
2
2
3
3
3
4
3
10
0
0
0
0
0
20
0
10
10
20
0
0
10
0
0
0
10
10
10
0
10
10
20
0
10
0
0
20
10
30
0
0
10
0
0
0
0
20
0
10
0
0
10
0
0
20
20
20
10
20
0
0
20
10
10
30
20
0
20
0
0
10
20
20
0
40
30
0
20
10
0
10
10
0
10
20
10
10
30
0
10
10
10
3
4
4
2
4
2
3
5
0
10
0
30
20
1
4
9
10
10
0
4
3
0
0
3
5
5
6
8
23
2
3
5
8
2
3
30
0
0
10
20
0
10
10
10
10
0
0
0
0
0
10
10
0
20
30
0
0
10
10
10
0
0
30
0
10
0
0
20
0
0
40
20
20
0
10
0
10
0
10
0
0
20
0
30
10
0
20
30
30
0
0
0
0
0
10
0
10
8
2
2
2
6
4
25
10
0
0
10
0
0
0
10
0
10
30
10
0
10
3
2
3
4
2
6
5
4
0
0
14
14
24
10
0
0
10
20
20
3
3
3
38
28
4
7
2
4
3
0
0
10
0
0
20
10
0
10
10
20
10
0
10
0
0
0
20
10
4
3
7
3
2
6
4
3
4
0
10
0
20
0
0
3
3
6
7
4
20
30
10
10
0
50
20
30
10
30
30
30
0
20
0
0
10
0
10
3
9
10
0
10
30
0
0
0
40
40
20
0
0
45
0
10
0
0
40
3
8
0
10
20
0
30
10
10
0
0
0
3
5
2
1
2
5
20
0
20
4
10
4
3
0
0
10
20
0
10
10
18
7
30
30
20
0
10
11
0
20
20
0
0
10
0
3
4
3
4
4
30
0
20
20
10
0
0
0
0
10
0
3
2
1
3
3
18
3
4
4
7
4
1
10
0
10
20
10
10
0
10
0
0
0
0
31
10
40
20
20
20
10
40
30
12
4
8
3
4
3
5
30
0
0
0
10
0
0
0
10
20
10
10
30
30
30
0
10
0
20
0
20
20
10
0
0
0
0
10
10
10
10
0
10
0
20
20
10
30
10
30
20
10
20
20
30
40
30
50
0
0
0
0
20
30
0
10
30
10
10
10
20
10
20
0
0
10
20
10
0
15
20
10
20
0
0
0
10
10
40
30
0
2
6
8
4
9
3
3
6
9
7
7
2
2
6
3
2
2
5
10
0
30
40
3
6
3
10
20
0
10
10
0
10
20
40
30
0
2
5
14
3
17
3
2
5
0
20
3
2
18
5
0
10
0
3
4
10
0
10
0
10
0
20
4
3
4
3
2
4
2
6
0
20
0
20
30
30
30
10
10
20
0
30
10
0
10
0
0
10
10
30
20
10
0
0
10
30
0
0
0
0
0
0
0
0
0
0
0
10
0
0
0
0
0
0
0
0
0
10
0
10
10
0
10
0
20
0
0
20
20
30
0
6
3
4
3
5
2
10
0
20
11
20
30
10
2
0
20
20
20
0
0
0
10
0
10
0
20
10
0
0
0
0
0
0
0
10
0
0
40
30
0
0
10
10
20
20
0
10
20
10
0
20
0
0
10
10
10
0
30
10
20
0
60
70
20
10
10
0
0
10
20
0
0
20
0
5
13
36
39
24
5
2
20
10
0
60
50
0
0
10
3
3
3
2
5
5
5
3
4
3
5
6
0
10
0
27
8
10
0
0
10
20
4
2
10
0
10
20
0
10
20
0
0
40
30
0
0
0
10
0
0
10
0
0
20
0
20
30
0
20
0
0
0
10
10
10
20
20
20
10
10
10
0
0
0
0
0
20
30
0
10
10
20
0
0
10
0
0
0
10
10
10
10
10
20
30
20
20
30
0
0
0
0
5
6
10
7
10
0
30
0
0
0
10
20
0
10
10
20
8
3
4
3
0
0
20
30
20
20
10
30
3
20
10
10
10
0
40
40
80
0
0
10
0
10
10
30
0
10
0
10
0
20
20
20
10
10
0
0
0
30
30
30
10
10
20
0
30
0
20
30
30
0
2
10
20
0
0
10
40
20
20
0
0
0
0
0
10
0
3
0
10
20
3
3
0
30
20
10
30
30
30
30
3
4
4
6
3
4
7
3
10
10
10
14
7
9
12
3
3
20
10
20
10
10
0
0
10
40
0
10
10
0
0
10
10
30
0
0
20
20
0
10
20
20
10
10
10
0
10
30
0
0
0
10
10
0
30
0
20
10
10
0
0
0
0
10
0
10
20
30
10
20
40
20
0
20
0
30
0
0
20
0
0
0
10
20
0
0
0
0
0
11
0
0
30
40
0
0
0
40
10
10
20
10
10
10
0
2
0
10
0
0
10
20
20
0
0
10
0
40
30
10
0
0
10
0
10
30
0
10
11
10
0
0
0
0
10
0
10
0
10
10
0
10
20
0
10
10
0
10
30
0
10
10
0
10
0
0
10
30
0
0
10
10
20
0
10
0
30
30
10
3
4
4
5
4
5
1
3
3
1
12
20
30
10
0
10
10
0
20
0
0
30
10
10
2
7
10
10
0
20
0
10
0
10
0
30
20
3
2
4
3
4
10
0
0
3
3
4
8
0
10
0
21
11
11
20
0
10
0
30
0
20
10
10
0
0
4
0
0
0
10
0
10
10
0
0
0
0
10
0
10
20
20
10
20
0
0
0
0
0
20
0
0
10
2
20
20
3
2
1
3
5
6
3
0
10
0
0
0
20
20
20
10
0
0
10
0
0
0
0
0
30
30
20
23
40
0
6
0
0
3
3
12
4
5
10
20
20
20
6
5
3
0
20
0
10
30
30
10
30
0
10
10
30
0
0
20
10
20
10
10
0
30
0
0
40
0
0
10
10
10
20
0
0
10
10
0
3
2
3
5
3
3
0
10
20
0
10
0
30
20
20
0
10
30
10
0
0
20
10
0
10
10
0
10
30
20
20
0
10
30
30
10
20
10
10
10
20
4
8
31
3
7
0
10
30
20
10
0
6
8
4
0
15
3
4
2
0
10
0
20
20
30
7
1
4
9
20
30
20
20
2
3
0
0
2
2
6
2
6
3
0
0
20
20
30
10
3
9
2
3
3
3
5
7
3
3
4
14
2
9
3
6
4
0
20
20
30
20
0
21
20
10
0
0
20
0
0
10
0
20
30
0
20
0
20
0
0
0
0
0
0
0
10
10
10
10
