3
3
10
10
0
0
0
0
10
10
0
20
10
0
10
10
10
0
3
2
11
2
8
4
0
0
0
0
30
1
1
0
0
10
10
0
10
20
0
10
0
10
10
0
0
0
0
10
0
0
0
20
10
0
10
0
0
0
4
2
10
10
0
10
20
10
10
10
0
10
0
0
20
10
0
10
0
10
0
0
0
0
0
10
30
0
30
10
10
20
0
0
8
4
6
0
0
0
0
0
0
0
0
10
0
0
10
0
0
2
10
0
10
0
10
10
0
0
0
0
0
10
0
10
0
0
10
0
0
30
10
6
4
0
0
20
0
0
10
10
0
10
0
0
10
0
0
0
20
0
0
10
0
0
20
0
2
2
0
0
10
2
12
1
2
4
0
0
0
0
10
0
0
0
20
0
10
0
0
0
10
0
10
20
0
0
10
2
18
10
10
0
40
0
0
0
0
0
0
10
0
0
4
0
0
0
0
0
0
0
20
0
0
0
0
0
0
0
0
20
20
20
0
0
10
1
20
0
0
0
10
10
20
0
0
0
0
10
10
0
10
10
0
0
10
0
0
1
10
0
0
5
0
10
10
10
0
0
0
0
0
10
10
0
0
0
10
0
0
10
0
0
10
20
0
10
0
0
10
0
0
0
3
1
0
10
10
0
10
10
10
30
0
0
0
0
0
0
0
10
3
21
28
10
0
0
0
10
40
0
30
10
7
11
4
30
20
10
50
50
10
30
20
0
0
20
0
30
30
0
10
10
10
20
20
10
5
75
10
0
1
0
10
10
20
30
10
10
20
10
10
0
10
4
4
10
10
150
10
10
10
40
0
10
20
0
10
10
2
2
2
0
0
0
0
0
0
10
10
10
30
0
0
0
0
0
0
0
0
0
0
0
0
0
0
10
0
0
0
0
2
5
5
20
10
2
20
0
0
0
0
10
10
0
0
0
10
0
0
10
0
0
10
0
10
10
0
10
80
30
10
2
9
10
10
10
0
30
20
10
20
0
10
10
0
10
10
10
10
10
10
20
20
10
0
0
10
10
10
2
0
40
10
10
20
10
10
30
10
10
10
10
10
11
20
10
10
20
70
0
6
15
17
14
7
6
0
40
4
20
10
13
10
0
0
10
30
14
18
90
10
10
10
10
6
10
31
11
10
10
10
10
10
31
36
0
40
26
24
7
6
10
5
7
10
25
28
59
5
15
4
1
9
2
15
5
9
53
70
6
20
20
14
105
89
17
20
10
2
56
26
154
10
17
0
23
9
7
8
0
3
7
5
18
20
21
10
10
7
0
4
6
1
7
2
6
10
20
10
0
20
10
100
10
170
30
0
10
10
14
10
12
7
61
7
7
10
10
30
151
21
10
10
10
10
10
0
20
20
10
9
0
20
10
40
0
20
0
10
10
10
20
10
19
3
5
10
30
0
0
30
40
10
20
11
0
10
81
71
10
10
10
20
9
10
10
30
10
20
10
10
20
10
10
0
10
30
10
0
10
0
0
0
0
10
0
10
120
30
6
11
10
380
20
10
10
30
10
10
20
0
70
20
0
40
10
10
0
10
6
0
0
10
20
20
0
20
20
10
10
20
10
10
110
0
10
20
0
10
10
0
0
0
4
30
0
0
0
40
10
0
0
0
0
10
0
10
0
10
40
10
4
4
10
11
10
10
20
0
0
10
30
12
5
20
10
10
20
10
0
180
0
10
30
30
20
0
10
10
0
20
20
10
10
10
10
0
10
10
20
17
0
10
10
0
10
10
10
0
10
10
0
0
20
10
10
0
0
10
10
10
30
8
10
17
32
11
6
10
10
10
10
10
20
30
0
10
10
10
20
13
30
10
20
30
150
10
20
10
20
10
20
10
10
0
0
9
11
8
13
10
10
0
10
20
10
11
10
10
10
30
0
70
60
50
10
30
0
20
50
0
10
10
10
10
20
20
10
16
4
0
0
10
21
0
0
10
10
10
10
0
11
10
10
10
0
10
10
20
20
10
20
20
10
80
20
16
10
20
90
10
10
10
24
24
11
11
8
24
10
4
28
0
10
10
10
16
16
39
39
23
1
3
10
10
0
10
2
10
0
0
4
0
0
0
10
0
0
0
0
1
0
10
0
10
10
10
0
10
0
0
10
10
0
0
10
8
2
7
0
0
0
0
10
0
0
20
0
10
10
4
8
20
0
10
180
10
90
20
20
10
40
0
10
0
31
7
9
10
0
10
0
73
10
0
20
40
0
10
0
10
50
10
0
10
10
10
0
221
0
0
0
0
20
0
0
0
10
10
12
13
4
6
6
2
0
10
20
10
10
0
10
1
3
10
10
0
0
0
0
20
0
30
10
0
10
0
10
10
40
0
0
0
0
10
0
0
0
10
10
10
0
4
2
0
0
0
10
0
10
10
10
0
0
12
0
0
10
0
0
0
10
0
0
10
0
0
0
0
10
0
0
0
10
0
20
13
2
0
10
10
2
3
0
0
10
10
0
20
0
10
0
0
0
10
0
10
10
0
10
0
0
20
0
0
10
1
2
0
10
0
0
0
10
17
10
