27
27
10
20
10
10
10
10
10
20
10
10
10
10
10
30
10
10
7
7
46
7
10
10
10
10
10
10
30
12
12
10
10
10
10
10
20
0
10
10
10
50
10
10
10
0
10
0
10
10
10
0
10
1
10
21
30
10
31
34
19
30
10
10
40
0
30
10
20
10
10
10
0
40
0
0
10
10
10
6
10
10
10
0
10
10
30
0
0
10
10
10
6
7
13
10
10
10
10
10
10
20
10
31
10
0
30
0
10
7
0
20
10
10
10
10
10
10
10
10
0
1
10
0
10
10
10
20
10
10
40
7
13
20
10
20
10
10
10
0
10
10
20
20
0
10
10
0
40
10
10
0
21
10
20
10
13
6
10
10
10
6
6
14
11
9
10
30
0
10
10
10
10
10
20
10
10
20
20
10
10
10
0
20
10
0
0
9
6
0
10
10
10
10
30
10
10
10
10
10
10
10
11
10
10
10
10
10
20
10
10
10
10
10
0
0
10
0
10
10
0
20
10
10
0
6
0
10
0
0
30
10
20
10
10
20
20
10
10
10
0
0
0
10
20
0
10
6
0
0
10
7
10
10
0
10
10
10
10
20
10
10
0
10
10
10
0
10
10
0
10
10
0
10
10
30
10
10
0
10
10
10
7
7
10
0
0
0
30
0
0
10
10
10
10
0
10
10
10
10
6
17
15
20
30
20
20
130
10
20
40
10
8
31
20
10
30
30
20
40
40
10
10
20
30
20
10
40
30
20
20
30
20
20
10
10
29
10
10
20
20
10
10
20
20
20
40
10
200
20
10
10
0
18
18
10
10
40
10
20
10
30
16
10
0
30
0
10
24
8
16
10
20
11
10
10
10
10
0
0
0
10
31
0
10
20
10
10
10
10
10
10
30
10
10
0
0
10
10
0
8
13
7
10
10
7
30
10
10
10
10
0
10
20
10
10
10
10
10
10
10
10
10
10
10
10
10
10
10
10
14
21
32
20
50
20
0
10
10
10
30
10
20
10
10
10
10
20
10
10
30
10
20
10
60
30
20
30
12
10
30
10
40
0
10
20
20
10
10
10
20
20
20
30
50
40
10
10
40
30
15
11
21
26
63
19
20
10
12
10
20
16
10
10
30
10
30
8
8
10
10
0
10
0
34
16
20
13
20
10
20
10
21
34
20
20
0
18
33
12
10
0
9
19
10
10
35
10
18
11
8
6
26
7
20
20
36
19
32
15
10
10
9
9
38
17
10
11
25
18
18
50
6
12
18
23
31
11
24
21
9
16
9
13
17
20
20
7
9
10
15
6
8
7
8
24
30
30
10
40
20
150
10
10
20
80
40
20
10
23
50
20
30
9
18
18
10
10
20
40
191
20
170
30
10
30
10
0
10
10
20
10
20
30
20
17
10
10
9
12
60
0
20
31
9
12
10
10
10
10
60
20
10
20
20
10
30
20
20
10
30
30
40
10
0
10
41
10
10
10
10
10
20
10
20
20
10
10
120
21
20
10
10
10
10
20
10
10
10
9
10
10
10
30
20
21
20
30
40
40
20
20
10
10
30
20
20
20
30
10
20
20
10
10
40
30
10
10
10
40
0
40
20
20
30
10
10
10
10
0
10
10
10
7
10
10
31
10
10
10
10
10
10
10
70
10
10
10
160
31
9
11
21
10
20
10
10
10
10
20
0
10
13
9
10
10
0
1
40
10
20
20
10
20
7
20
10
20
20
10
20
20
10
40
10
10
10
57
20
20
12
20
10
20
20
10
10
10
30
10
10
20
40
10
11
10
20
10
52
52
10
10
10
12
13
9
9
16
30
20
20
11
20
0
10
30
30
10
0
40
11
20
20
30
170
60
50
20
10
20
20
10
20
10
10
20
12
15
11
16
30
20
40
10
20
11
11
10
30
20
10
10
10
20
30
10
10
10
10
30
10
10
10
10
10
150
150
60
8
13
20
10
10
10
10
20
10
10
10
20
10
10
10
10
0
10
10
10
20
20
30
10
10
40
120
10
9
6
20
20
10
31
10
58
48
13
13
7
16
190
11
18
10
19
10
10
16
16
15
15
50
23
7
10
10
0
20
7
10
10
10
18
10
10
0
11
10
10
10
10
6
10
20
5
10
10
10
10
10
10
20
10
20
20
10
10
8
7
14
10
40
10
10
0
10
10
20
10
10
10
11
16
100
20
10
10
80
10
0
20
10
30
30
41
10
7
52
20
10
0
10
10
16
10
70
31
50
20
0
10
30
10
10
30
20
20
30
30
30
10
10
10
10
10
10
10
10
10
0
10
12
14
11
7
40
10
10
10
30
10
10
0
5
6
10
10
10
10
20
20
0
10
10
20
10
10
10
10
30
0
10
10
0
10
10
10
10
10
0
0
0
20
8
7
20
10
10
0
10
0
10
0
10
10
10
10
10
10
10
10
10
10
10
0
0
10
10
10
10
10
10
10
20
0
10
30
11
11
0
10
0
9
7
10
10
0
20
10
0
10
0
10
10
10
10
10
10
10
0
0
0
10
0
10
10
0
8
64
10
10
0
10
0
20
10
10
