320
330
330
330
330
320
320
320
22
20
20
10
0
10
30
20
0
20
10
10
30
20
20
0
5
10
10
8
13
6
20
0
20
20
10
10
0
10
10
20
10
10
6
20
10
10
10
0
0
30
0
10
10
20
10
20
10
10
0
0
10
0
0
30
30
11
10
0
10
10
10
20
20
10
0
0
0
20
10
31
10
20
10
20
10
10
0
0
10
10
10
10
0
10
20
10
30
30
10
0
20
0
0
10
20
30
30
0
30
0
10
0
10
10
20
4
7
5
7
13
7
6
6
5
4
6
4
5
6
5
8
3
5
8
20
20
0
0
10
0
0
10
40
30
30
30
20
30
10
10
0
10
20
10
30
20
0
41
20
10
0
30
10
10
0
10
20
0
30
20
10
10
20
0
10
0
20
20
0
10
0
0
10
20
0
20
10
10
0
10
0
0
10
10
10
0
0
0
5
3
10
10
10
10
10
10
10
10
24
8
3
5
14
0
0
0
10
10
10
10
10
10
10
0
0
10
0
10
10
30
20
20
20
20
30
70
0
0
10
30
30
10
10
0
0
0
10
10
10
20
20
20
80
60
30
30
40
10
10
20
10
10
10
0
10
20
10
10
0
10
10
20
10
30
40
30
0
10
0
10
0
20
10
27
18
5
14
11
11
5
10
0
20
30
40
20
30
10
50
21
21
0
10
10
0
20
10
10
10
0
0
10
0
0
0
0
0
20
10
0
20
0
10
30
30
20
20
40
20
10
21
10
20
10
20
20
20
30
21
6
6
5
4
10
30
30
10
40
10
30
10
10
10
30
30
30
20
30
0
20
30
0
10
10
20
20
50
30
30
0
5
5
27
5
5
3
20
20
0
20
10
20
10
20
10
10
10
10
0
0
10
6
3
10
10
10
10
10
0
0
20
10
10
10
10
10
10
10
30
40
10
10
10
30
10
0
20
20
0
20
9
8
30
20
20
40
0
20
15
3
15
5
4
12
5
10
10
0
30
20
30
10
0
20
50
40
30
20
40
20
0
10
50
40
10
10
11
120
0
10
10
10
0
10
20
30
20
10
0
0
20
0
0
0
20
10
20
0
10
30
10
10
10
10
0
30
30
0
0
0
10
10
0
10
30
20
10
10
0
0
20
0
10
0
0
20
30
20
0
0
30
10
10
10
10
20
20
10
5
7
4
6
7
20
10
11
10
20
0
10
0
20
0
10
20
0
20
20
20
0
10
20
0
20
10
10
10
20
20
20
30
10
10
20
0
0
30
20
0
30
20
20
0
0
10
10
10
10
20
10
0
10
20
0
70
70
50
40
0
20
20
10
10
10
10
0
10
0
0
0
0
0
0
10
21
0
10
10
0
0
0
10
10
0
20
0
0
10
5
14
12
13
22
10
20
10
10
10
10
30
10
10
0
0
10
0
10
0
30
20
20
10
20
10
20
20
0
20
30
30
20
50
10
40
40
30
20
10
10
10
10
0
0
30
10
20
50
40
40
30
30
0
10
20
0
0
10
10
20
10
0
10
20
0
0
10
10
20
0
0
20
10
20
0
10
10
10
20
0
20
10
30
0
0
20
0
0
5
4
4
5
10
9
10
10
10
4
30
10
0
0
0
12
0
0
0
10
10
0
10
20
10
10
10
10
30
0
0
0
0
0
0
10
10
20
10
20
20
0
20
20
20
20
0
5
0
0
0
0
20
0
0
30
10
0
20
10
10
0
10
30
30
10
0
0
0
20
0
30
20
10
0
10
10
10
0
10
10
20
10
30
30
20
30
10
0
0
30
10
10
10
10
7
4
7
4
4
8
10
10
29
30
29
30
30
29
30
32
10
10
20
20
20
10
10
10
20
10
0
0
10
0
0
20
10
20
0
20
0
0
20
0
12
12
20
10
10
0
10
0
0
0
30
10
10
10
10
10
10
31
10
10
20
10
0
0
10
0
30
0
10
30
0
10
30
20
40
30
20
10
11
10
0
10
10
6
11
7
12
15
4
10
7
0
10
20
10
0
0
0
0
10
10
10
10
20
10
10
10
10
12
6
7
6
8
7
5
5
5
7
10
4
5
8
8
6
6
4
10
15
5
4
13
5
4
6
4
11
7
4
3
5
6
5
5
7
6
6
6
3
8
4
10
10
9
8
14
6
6
5
0
20
10
10
30
10
10
0
10
10
10
10
20
1
10
10
10
20
0
10
10
0
20
20
30
20
30
0
0
20
0
21
20
0
10
10
20
20
30
10
20
10
4
4
6
3
5
4
5
4
13
10
12
12
13
12
13
13
20
30
10
20
10
30
60
30
10
20
20
20
20
10
20
10
0
10
0
20
20
20
30
20
10
30
30
50
0
10
30
30
0
20
20
20
0
20
20
30
20
30
10
30
30
10
10
50
20
20
39
6
4
6
11
4
40
30
10
0
0
0
0
0
10
0
10
20
40
30
10
0
30
40
0
10
10
10
10
10
20
20
10
10
20
20
10
10
10
40
30
20
10
10
0
10
0
10
0
10
0
0
24
6
8
13
9
12
4
6
6
0
10
10
10
10
20
10
20
0
0
0
0
10
10
30
40
30
30
20
20
20
0
0
40
40
20
7
14
5
8
5
4
4
20
0
10
10
0
20
0
0
30
50
10
20
20
20
10
10
10
0
10
0
10
0
10
0
40
20
30
40
10
0
0
10
0
0
0
0
0
0
10
0
10
10
10
30
10
0
10
10
20
20
20
20
20
20
20
30
10
20
20
0
0
10
10
10
20
0
10
0
0
20
10
30
40
0
40
20
0
0
10
10
0
30
40
0
10
10
30
40
20
40
30
0
20
20
40
40
10
30
0
0
30
15
4
5
40
70
70
30
10
10
10
20
0
10
10
10
30
10
10
20
20
0
0
0
20
0
10
20
20
0
30
10
10
0
20
10
10
20
30
10
3
6
6
10
15
21
9
6
8
5
5
8
8
13
5
20
10
30
20
30
0
0
0
10
20
30
10
0
20
30
30
20
10
30
40
20
10
0
10
0
10
0
0
10
10
10
15
8
6
30
30
20
20
10
20
20
0
21
20
10
10
10
20
30
60
30
40
60
10
20
0
20
0
10
11
20
20
0
0
10
10
0
0
14
10
10
20
40
30
0
0
10
40
0
20
20
10
10
0
0
20
10
20
20
0
0
10
10
0
0
0
0
0
10
10
10
0
10
10
0
20
20
10
0
0
20
20
40
40
10
0
30
10
20
10
0
30
0
10
20
10
10
10
14
24
6
5
12
5
7
4
22
32
60
0
10
50
30
50
70
40
20
40
10
60
70
80
90
80
70
30
10
0
20
0
0
10
10
20
10
30
20
4
4
10
20
30
30
30
40
20
20
20
10
0
10
10
10
10
40
20
10
0
40
10
0
10
0
1
10
20
60
0
20
0
0
10
10
30
50
10
10
0
10
10
20
20
10
10
10
10
5
14
0
10
10
3
9
9
7
8
20
10
10
10
0
40
10
0
0
0
0
20
0
10
20
30
20
20
20
0
10
10
10
10
10
10
20
30
10
10
10
10
10
0
0
10
30
10
20
0
10
30
20
40
30
10
10
10
10
0
0
20
0
0
47
8
9
4
4
4
5
5
6
7
7
6
3
10
6
10
10
6
10
9
6
5
7
18
20
30
0
10
0
20
20
20
0
0
20
0
0
50
90
30
10
20
30
30
0
0
0
0
20
10
20
0
10
10
10
10
30
30
20
20
0
20
0
20
30
10
10
0
20
0
20
10
20
30
40
10
0
10
30
20
11
20
10
0
10
10
10
0
10
10
0
20
10
20
10
10
0
9
6
6
6
6
5
13
40
20
20
10
0
10
20
0
0
20
30
0
0
20
10
30
30
30
10
80
30
20
20
0
10
0
4
14
20
10
30
0
0
0
0
10
0
0
20
30
30
10
20
10
0
10
0
30
21
30
10
10
30
30
30
20
0
20
10
10
20
10
10
10
10
10
20
10
30
30
30
30
0
30
10
30
30
0
0
3
6
20
10
0
10
10
10
0
10
10
20
11
10
10
20
20
20
50
0
20
10
20
30
30
20
10
10
0
0
7
7
9
9
9
9
9
9
10
4
7
7
3
4
4
6
5
4
6
0
10
10
10
10
0
0
10
10
10
10
20
20
0
30
10
0
0
10
20
0
0
0
10
20
0
10
60
40
10
0
10
20
20
10
0
30
30
20
30
60
40
60
122
40
10
30
20
20
10
10
30
40
20
30
30
30
0
0
0
0
10
10
20
10
10
20
30
10
20
20
0
16
6
5
26
5
0
20
0
0
0
10
10
10
10
10
0
0
10
10
10
10
0
10
10
0
0
10
10
10
0
20
10
20
20
10
0
0
0
30
20
50
20
10
30
10
10
20
10
40
20
10
40
50
11
27
3
20
10
10
0
0
20
30
20
10
21
0
20
0
1
10
11
10
0
20
30
30
0
10
0
10
0
20
60
60
20
0
0
10
8
7
9
7
4
0
20
0
0
20
10
10
10
10
30
50
30
10
0
10
