10
0
0
10
3
0
0
0
0
10
10
0
0
0
10
0
0
10
0
10
0
0
0
1
2
6
0
0
0
0
0
2
2
0
10
10
10
10
0
0
0
0
0
0
0
0
0
0
3
10
0
0
3
0
0
10
0
0
0
10
0
0
0
50
0
9
2
30
0
10
0
0
0
0
0
10
10
10
4
0
0
0
0
0
10
10
0
9
8
4
0
10
10
10
0
2
0
10
0
0
0
0
0
0
0
10
0
10
0
0
2
6
0
0
0
0
20
10
10
0
20
10
0
0
0
10
0
7
0
0
10
0
3
2
10
0
0
0
10
0
0
20
0
10
0
10
0
0
6
0
10
0
20
10
0
0
0
0
10
0
6
8
10
10
10
0
13
2
10
10
0
0
10
0
0
0
0
0
10
0
10
0
0
5
10
10
0
0
10
10
10
0
10
0
0
0
10
10
0
0
0
3
10
10
0
23
2
5
10
2
0
0
20
10
10
0
0
0
10
9
0
0
0
10
10
0
0
10
10
5
2
2
0
0
0
10
0
0
10
10
0
0
10
10
0
10
0
10
20
10
10
0
0
4
2
8
10
0
10
0
10
0
0
10
0
0
0
0
0
10
0
2
10
10
10
4
2
0
10
0
0
10
10
0
0
0
0
10
10
10
5
3
10
0
10
0
0
5
0
0
0
10
20
0
0
0
0
10
10
0
0
10
0
0
0
18
10
0
0
10
0
10
0
0
0
0
20
0
0
10
0
3
5
0
2
10
20
10
0
0
0
0
0
0
0
10
0
20
0
0
10
0
10
4
0
10
10
10
10
6
2
5
0
10
0
20
10
0
0
10
0
6
10
10
10
0
0
10
0
0
0
2
2
0
10
0
4
0
10
10
0
0
10
0
0
0
0
10
0
0
0
0
10
18
2
0
0
20
0
0
10
0
0
0
0
0
0
0
10
50
10
0
0
10
10
0
0
0
5
0
0
5
2
2
10
0
0
10
0
10
20
0
20
0
0
1
10
40
0
0
0
10
0
0
0
10
0
10
0
0
0
0
0
10
2
11
0
0
10
0
0
10
10
0
0
30
20
17
20
10
10
30
20
10
10
10
0
10
0
0
0
0
2
0
0
0
10
0
0
0
10
20
10
10
0
0
10
0
0
2
10
10
0
0
0
10
0
10
0
0
10
10
0
0
10
0
10
0
0
0
10
12
10
10
0
10
0
10
10
5
0
0
10
0
10
10
10
10
10
0
2
8
2
0
0
0
0
4
4
0
10
10
0
40
0
0
0
10
10
20
0
0
0
1
0
5
0
10
0
0
0
0
30
0
10
0
0
0
0
10
2
10
10
0
10
0
10
0
4
10
10
0
20
10
0
0
16
0
0
0
0
10
0
0
10
10
20
10
0
10
0
0
5
0
0
10
0
0
1
20
0
0
10
10
10
13
0
10
10
0
0
0
0
0
0
0
0
0
0
0
10
20
3
5
0
0
0
0
0
10
10
10
10
0
10
0
10
0
13
0
5
0
0
0
0
17
10
0
10
0
0
10
10
10
0
20
10
0
0
7
10
0
0
10
0
0
10
0
2
5
