0
10
10
0
3
1
10
0
10
10
0
0
10
0
0
0
0
0
0
20
0
10
0
7
22
0
30
10
0
0
0
3
2
0
0
0
0
0
0
0
0
0
0
0
10
10
10
0
8
0
10
0
2
0
10
10
0
10
10
0
10
0
0
0
0
2
6
0
10
10
10
0
10
0
10
0
0
0
7
10
0
0
0
0
0
10
0
1
2
2
10
10
10
0
0
3
0
0
0
10
0
0
10
10
10
0
0
0
10
10
6
5
10
0
10
0
0
10
10
0
0
0
0
10
0
0
0
1
20
0
10
10
2
2
10
10
0
20
0
0
0
0
10
0
20
0
10
0
2
0
10
20
10
0
0
10
10
10
0
10
4
6
0
0
10
0
2
2
0
0
10
0
0
0
40
0
10
10
0
0
0
10
10
2
0
0
0
0
10
0
0
10
0
0
0
10
0
30
10
0
10
2
0
0
0
2
1
4
10
1
0
10
10
0
0
22
0
0
0
4
0
0
0
10
0
10
0
0
0
5
2
3
0
0
0
0
10
0
0
20
0
0
10
10
0
0
0
0
0
10
0
10
10
4
5
5
10
10
10
0
0
10
10
0
10
0
10
10
10
0
10
2
0
0
0
7
4
10
0
0
0
3
0
10
10
0
10
0
0
0
4
2
10
10
0
10
10
1
0
0
10
10
10
0
0
0
0
0
10
0
0
10
10
10
0
7
0
0
0
0
10
0
0
10
0
10
0
0
10
0
10
4
5
0
2
0
10
0
0
0
0
20
0
0
0
0
0
10
0
10
0
0
0
2
0
20
0
20
0
2
2
2
10
0
10
0
0
0
0
0
0
5
0
10
0
0
0
0
10
0
10
2
2
0
10
0
2
10
0
10
0
0
0
0
10
0
0
0
10
0
0
10
0
3
2
10
20
0
0
0
0
0
10
0
10
10
0
10
0
0
10
0
10
0
0
0
0
0
2
0
0
2
9
4
0
0
0
10
10
0
0
0
0
0
0
4
10
0
0
10
0
0
10
0
10
10
10
10
10
20
0
0
10
0
17
2
0
0
0
20
20
10
0
0
10
10
20
19
110
0
10
20
20
0
10
0
10
0
0
0
0
10
2
0
0
0
0
0
0
0
0
10
0
0
0
10
10
0
10
6
0
2
0
10
10
0
0
0
0
0
0
0
0
10
10
10
0
0
0
0
0
4
0
0
0
0
20
10
0
2
10
0
0
0
10
10
0
10
10
10
1
3
1
10
0
0
0
2
2
0
0
0
0
20
10
0
10
0
10
0
0
10
0
1
0
4
10
0
10
0
0
10
10
0
10
10
0
0
0
10
3
0
20
0
0
0
10
9
9
0
0
10
20
0
10
0
2
0
0
0
0
10
10
0
0
10
10
0
0
0
0
0
4
20
0
0
10
10
2
0
0
0
0
0
0
2
10
0
0
10
20
10
0
0
0
0
10
10
0
10
0
0
1
3
10
20
0
0
0
10
0
0
0
0
10
10
0
10
10
0
4
10
40
10
10
2
20
0
0
10
10
0
10
0
0
0
0
10
0
2
0
0
10
0
10
0
0
0
2
2
