0
0
0
10
4
0
0
10
0
0
10
10
0
0
0
10
10
10
0
10
10
0
0
2
1
10
10
0
0
10
0
6
0
0
0
10
0
10
0
0
0
0
0
0
0
0
0
0
15
0
10
0
2
0
0
0
0
0
0
10
0
10
10
10
10
4
3
10
0
0
0
0
10
10
0
10
0
10
3
0
0
0
0
0
0
0
10
4
1
1
0
0
0
10
10
7
0
0
10
10
10
10
0
0
0
10
0
0
20
0
2
1
20
0
0
0
0
0
0
0
0
0
0
0
0
10
10
2
0
0
0
0
1
2
0
0
0
0
0
10
10
10
10
10
0
0
0
0
2
0
0
0
0
10
0
0
0
0
10
0
5
2
0
0
0
10
8
4
10
10
0
0
0
10
10
0
10
0
10
0
0
0
0
4
0
10
0
10
0
10
0
0
0
0
0
0
10
0
0
0
0
1
0
0
10
6
4
5
0
2
0
0
10
10
0
0
0
0
10
4
0
0
0
0
0
0
0
0
0
2
2
1
0
0
10
0
0
0
0
0
10
10
0
0
10
0
10
0
10
0
0
0
0
6
1
2
0
0
0
10
10
0
0
10
0
0
10
0
0
0
0
8
10
0
10
3
1
0
10
10
10
4
10
0
10
0
0
10
10
0
2
6
0
0
0
0
0
2
10
0
10
0
0
10
10
10
0
10
0
0
0
0
0
0
10
3
0
10
0
10
10
10
0
10
0
0
0
0
0
20
0
1
0
10
3
10
0
10
10
0
10
0
0
0
10
0
0
10
0
0
0
10
20
1
20
0
0
10
0
2
19
2
0
10
0
0
0
0
10
10
0
1
0
0
0
10
0
0
0
0
0
4
2
10
0
0
3
0
10
0
10
0
0
0
0
0
10
0
0
10
10
0
10
3
1
0
0
20
0
10
10
0
0
20
0
10
0
0
10
0
0
10
0
0
10
0
0
0
1
10
10
6
1
4
0
0
10
0
0
0
0
0
0
0
0
8
0
0
10
0
10
0
10
10
10
0
0
0
0
0
0
0
0
20
1
0
0
10
10
10
10
0
0
10
0
0
10
6
10
0
10
0
10
10
0
10
0
0
0
10
0
0
1
0
0
0
10
10
0
0
0
0
0
10
10
0
0
0
0
4
0
2
10
20
0
0
10
0
0
10
0
0
0
0
0
0
0
0
10
0
10
15
0
0
10
10
0
10
10
7
0
0
20
10
10
0
10
0
0
0
5
7
4
0
0
10
10
2
4
0
0
10
10
50
10
10
0
10
0
0
0
0
0
3
10
1
0
0
0
0
0
0
0
0
0
0
0
10
20
0
10
10
10
10
10
0
10
4
4
10
0
0
20
0
0
0
2
0
10
0
10
0
0
0
0
0
0
10
10
10
0
0
1
10
10
10
0
0
2
0
0
10
10
0
0
7
0
10
10
0
10
0
0
0
0
10
0
0
0
0
10
0
4
1
10
0
0
20
10
0
10
0
0
10
0
0
10
0
0
0
3
0
0
0
0
3
10
0
0
0
0
10
0
0
10
10
0
0
0
2
20
0
0
0
0
10
0
0
18
3
