10
10
0
10
10
0
0
0
10
10
10
0
7
1
3
0
10
10
0
0
0
0
0
0
0
10
10
0
10
8
0
0
0
5
10
4
0
10
0
0
10
10
10
10
0
10
10
7
10
0
10
0
0
0
0
0
4
0
10
10
10
0
10
10
10
8
0
0
0
0
0
10
0
30
30
0
10
0
2
10
10
10
8
0
10
0
8
0
0
10
0
0
0
10
0
10
0
10
0
10
8
0
0
10
4
5
2
10
0
10
0
0
3
10
0
10
10
0
0
10
2
0
0
0
10
10
2
0
0
0
0
0
0
0
0
0
0
0
10
0
0
3
0
10
0
0
10
0
0
0
0
0
0
10
0
0
0
4
20
0
2
17
2
0
10
10
0
10
0
10
0
20
10
2
20
0
20
0
10
0
0
2
20
10
10
0
0
10
10
10
70
0
0
30
0
0
10
0
10
0
70
2
4
6
62
0
0
0
0
0
20
0
0
0
10
6
0
10
0
0
0
2
0
0
0
0
10
0
0
0
4
2
2
7
0
10
7
0
0
8
0
0
0
10
0
0
0
0
0
7
0
0
2
2
1
0
0
10
0
10
10
10
0
0
10
2
3
0
0
0
10
10
0
0
0
0
0
0
3
0
0
0
10
2
10
10
2
1
2
10
0
10
0
0
0
10
0
0
10
11
0
0
10
10
0
10
5
4
2
0
2
0
2
10
8
4
0
3
0
2
0
2
0
0
0
0
0
10
0
10
0
3
10
11
2
0
0
0
0
0
0
0
0
0
0
0
0
0
10
10
2
0
0
15
0
0
0
20
40
10
0
0
40
2
0
10
0
0
0
30
0
0
10
10
0
0
0
2
2
10
5
2
0
0
0
0
10
0
0
0
10
10
0
10
10
0
2
10
0
1
2
0
10
0
0
0
0
0
0
0
0
3
10
0
0
0
80
10
0
0
2
0
10
10
30
0
0
0
0
10
10
0
10
0
0
0
0
10
0
10
10
4
0
10
0
0
10
10
3
6
0
3
3
0
2
10
58
2
0
10
10
10
0
0
10
20
0
10
10
10
0
0
0
0
0
2
0
10
10
10
0
0
10
10
0
10
10
0
0
10
0
2
10
10
10
0
10
10
10
10
0
10
0
10
0
10
0
0
4
10
0
0
10
2
0
0
0
0
10
0
10
10
10
10
10
2
10
2
0
3
0
10
0
0
20
0
10
10
0
10
0
10
0
0
10
0
0
2
2
0
0
10
0
0
10
0
0
0
0
0
0
10
0
10
0
10
0
0
4
3
2
10
0
0
21
0
10
6
0
0
0
10
10
0
10
10
10
0
3
0
0
2
7
0
0
0
10
3
0
10
20
0
10
10
0
0
0
0
0
10
0
0
10
10
10
6
10
0
10
10
0
0
0
10
2
10
10
0
1
10
2
5
40
10
10
0
0
0
30
5
50
5
2
2
63
7
2
0
0
0
40
0
0
2
10
30
10
0
0
14
5
0
0
10
0
0
2
3
12
0
2
10
0
10
0
10
0
0
0
0
0
8
4
10
0
10
0
10
10
10
0
10
0
10
10
0
10
0
0
0
0
2
10
3
3
1
0
10
10
2
0
10
0
10
0
0
0
0
1
10
10
0
0
10
10
0
0
3
2
10
2
4
2
0
3
2
0
