0
0
10
10
10
10
0
0
10
10
10
0
4
9
6
0
0
10
10
0
0
10
10
0
0
10
0
0
0
5
10
0
10
2
20
2
0
0
0
0
10
0
10
0
10
0
0
2
0
0
0
0
0
10
10
10
2
0
0
10
0
0
10
0
10
7
30
10
0
0
10
0
0
0
10
10
10
10
2
0
10
0
14
0
0
30
2
10
0
0
0
0
10
0
0
0
0
0
10
10
8
0
0
10
2
4
5
0
0
10
0
0
1
0
0
10
0
11
10
10
0
0
0
30
0
0
2
0
10
0
10
0
0
10
10
0
10
0
10
0
0
2
0
0
0
0
10
0
0
0
0
10
10
0
0
10
0
2
0
0
2
6
1
0
0
10
0
0
0
0
10
0
0
6
0
0
0
0
10
40
0
1
10
0
0
10
10
12
0
10
0
10
10
10
0
10
0
0
0
0
0
2
2
2
4
0
10
0
10
10
0
10
10
0
0
2
0
0
0
10
0
2
0
10
0
0
0
0
0
0
3
2
3
2
10
10
4
10
0
10
10
0
0
0
0
0
0
0
0
1
0
10
1
2
2
10
0
0
0
0
0
30
0
0
0
5
1
0
0
10
0
0
0
10
10
10
0
10
1
0
10
0
0
1
0
10
2
2
3
0
0
0
0
0
10
0
0
10
10
14
0
0
0
0
0
0
6
1
2
0
3
10
1
0
2
3
0
2
0
2
10
1
20
0
0
10
0
0
10
0
10
2
0
3
3
0
0
0
0
10
0
10
10
0
0
10
0
10
10
0
1
0
10
1
10
10
0
0
10
10
20
0
10
2
0
0
0
0
10
10
10
0
0
0
10
0
0
2
14
0
2
2
0
0
20
10
10
0
10
10
0
10
10
0
0
10
2
10
0
5
2
0
0
0
0
0
0
0
0
0
0
6
0
10
0
10
0
0
20
10
7
0
10
0
0
0
10
0
0
10
0
0
0
10
0
10
0
0
0
10
10
4
30
0
10
10
0
0
2
3
10
14
2
0
5
0
2
2
0
0
0
10
0
0
0
0
10
0
0
0
10
10
0
30
10
2
0
0
10
0
0
10
0
0
10
10
0
0
0
0
0
1
10
0
0
0
0
0
30
0
10
10
10
0
0
10
10
0
7
0
0
10
0
14
10
10
0
10
0
0
0
0
0
0
0
2
0
1
0
3
0
0
0
0
0
10
0
10
0
0
0
0
10
0
10
11
0
1
4
0
0
10
0
0
10
0
0
0
0
0
0
2
10
10
10
10
10
0
2
2
6
0
20
10
0
0
0
2
10
1
0
0
10
0
20
0
10
10
2
0
0
3
2
0
10
0
0
2
10
0
0
0
10
10
0
0
0
0
0
0
0
0
0
10
0
2
0
0
10
0
0
0
0
0
7
0
0
10
7
0
2
7
0
10
10
10
0
0
0
5
10
1
3
4
7
4
8
0
10
0
10
10
10
4
0
0
0
10
0
2
5
0
0
12
10
0
4
2
3
10
2
14
0
20
0
0
0
10
0
10
10
1
5
0
0
0
10
0
20
0
0
0
0
10
0
10
30
10
0
0
0
9
0
1
2
2
0
2
10
5
10
0
0
0
0
0
0
10
2
0
0
10
0
0
0
0
0
2
4
10
2
5
3
0
2
1
10
