0
10
10
10
0
0
0
0
0
10
0
0
5
1
1
0
0
0
0
0
0
10
0
0
0
0
0
0
10
2
0
10
0
1
0
3
0
10
0
0
30
10
10
10
0
10
10
2
0
10
0
0
0
0
0
0
2
0
0
0
0
0
0
10
6
2
10
0
0
0
0
0
10
10
0
0
10
0
1
0
0
10
28
0
10
10
1
0
10
10
12
10
0
0
10
0
0
10
2
0
4
0
10
0
6
2
3
10
10
0
10
0
2
0
0
0
10
7
10
10
0
10
0
0
10
10
8
0
0
0
0
0
10
0
0
10
0
10
0
10
0
2
20
10
10
10
0
10
0
0
10
0
0
0
0
0
10
1
0
10
1
4
2
0
0
0
10
0
0
0
0
0
0
15
0
0
10
10
10
10
10
2
0
0
0
0
0
1
0
0
10
0
0
0
0
0
0
10
0
0
0
4
1
2
4
10
0
0
2
0
0
10
10
0
0
4
20
0
0
0
10
6
0
0
0
10
10
0
10
0
22
1
1
0
0
0
5
0
10
2
0
0
0
0
10
0
0
10
0
4
0
0
3
4
2
0
0
0
0
0
0
0
10
0
0
2
5
0
0
0
0
0
10
0
0
0
0
0
2
0
0
10
0
1
10
0
4
3
4
10
10
0
0
0
0
0
0
0
10
4
0
0
0
10
0
10
1
1
2
10
1
0
1
0
1
5
0
9
20
1
0
5
10
0
0
0
10
30
0
0
0
1
10
4
2
0
10
10
0
0
10
10
0
10
0
0
0
0
0
0
6
0
0
17
0
0
10
10
10
0
10
0
10
1
0
0
0
0
20
10
0
0
0
0
0
10
0
31
1
0
2
2
10
10
0
0
0
0
0
0
20
0
0
0
0
0
1
0
0
8
2
10
0
0
0
0
0
0
0
10
0
5
10
0
10
0
0
0
10
0
2
10
0
0
10
10
0
0
0
0
20
0
0
0
10
0
0
10
0
0
0
1
10
0
0
0
0
0
2
1
0
1
1
10
1
0
2
4
10
0
0
0
0
0
0
0
0
0
10
0
0
0
10
0
0
2
0
0
0
10
0
0
0
20
0
0
10
0
10
0
0
5
0
0
0
0
10
0
0
0
0
0
0
0
10
0
0
0
2
0
0
0
10
4
0
0
10
0
0
0
0
0
10
20
0
3
30
1
0
4
10
0
10
0
10
0
0
10
10
0
0
0
0
10
0
1
0
7
1
0
0
10
0
0
10
0
0
0
0
10
10
1
0
0
0
10
0
0
2
5
1
10
0
0
10
0
0
3
0
0
10
10
0
0
10
10
0
10
2
0
10
4
1
10
0
0
10
3
0
0
10
10
0
0
0
10
10
0
10
0
10
10
10
0
0
1
10
0
0
0
0
0
10
40
4
10
10
0
3
10
5
1
10
0
0
0
0
10
0
45
0
3
1
2
1
8
3
0
0
0
0
0
0
1
0
0
10
0
0
2
2
10
10
13
0
0
6
2
2
10
6
1
10
10
0
0
0
0
10
0
10
3
4
0
10
0
0
10
0
0
10
10
0
0
0
0
0
20
0
0
0
3
10
6
3
1
10
2
10
27
0
0
0
0
0
0
10
20
1
0
10
0
10
0
0
10
10
1
5
0
2
4
4
0
2
1
0
