312
312
20
0
0
10
10
10
0
20
10
30
10
30
10
31
10
0
7
6
4
50
6
5
10
10
10
10
20
4
8
0
10
10
10
0
10
0
0
0
0
10
20
10
30
10
10
10
10
10
10
20
10
10
10
10
10
10
12
36
7
10
10
30
30
0
30
10
20
0
10
0
0
10
0
10
11
10
10
0
20
10
10
0
0
0
0
10
10
10
0
10
4
7
4
0
20
10
0
10
10
10
10
10
10
0
10
40
10
5
10
10
10
10
30
30
30
10
20
0
0
0
10
0
0
10
10
10
30
10
10
5
4
10
0
20
10
0
0
20
10
10
0
10
10
0
0
30
0
10
30
10
0
30
20
0
0
8
20
10
10
6
8
3
5
4
0
40
0
30
10
10
10
10
20
0
10
0
10
30
20
10
10
10
20
10
30
48
5
3
10
10
0
20
20
20
10
0
10
20
0
0
12
20
20
0
20
0
50
10
10
20
10
10
0
20
0
10
10
10
20
10
10
10
0
0
20
20
0
20
0
0
20
10
10
10
10
0
10
0
0
0
0
0
0
10
10
10
0
0
10
4
10
10
0
0
10
10
0
0
0
20
10
30
20
0
10
10
20
0
10
10
0
10
0
11
10
10
0
30
20
0
14
7
10
0
20
10
20
30
0
10
10
10
10
30
10
10
0
30
8
8
12
40
0
10
20
10
10
10
20
10
20
14
15
10
30
10
40
40
0
20
30
60
10
30
0
11
0
70
10
20
30
20
10
10
11
14
10
20
110
10
20
20
60
80
10
0
20
30
10
10
0
258
258
20
70
50
30
70
60
10
16
10
100
10
10
0
0
3
27
0
10
10
0
10
10
0
0
0
11
0
0
0
10
0
0
10
0
4
10
10
10
10
10
0
0
10
10
0
13
4
4
20
10
7
10
10
10
0
0
0
10
10
0
0
10
10
10
10
0
10
0
10
0
10
0
10
10
10
10
19
8
0
10
20
20
10
30
0
10
30
10
0
0
0
40
20
40
10
10
20
10
20
10
2
40
10
13
5
16
20
20
70
40
10
10
0
100
0
20
20
20
8
10
50
20
20
10
30
111
41
13
10
9
11
10
20
18
10
20
48
0
11
30
10
0
65
34
13
30
10
10
30
15
10
10
40
10
10
10
20
10
14
31
57
10
7
18
8
11
120
10
9
19
51
14
305
17
3
5
8
14
13
9
8
48
9
19
5
20
40
7
15
37
15
20
12
14
11
23
22
15
21
6
10
8
8
10
11
10
17
14
7
14
0
6
6
6
7
10
3
7
8
4
19
10
10
10
20
10
30
10
81
10
60
40
10
20
40
11
10
9
70
49
50
6
20
10
80
20
50
90
140
1
0
20
0
10
10
0
10
20
30
0
0
10
20
30
20
104
10
10
0
9
7
20
20
10
10
0
20
20
20
20
40
10
80
10
10
20
130
0
16
6
10
10
40
40
50
10
10
0
20
20
20
0
10
10
120
21
10
10
10
10
10
80
10
10
9
9
11
10
20
10
10
10
20
20
20
10
60
30
100
10
40
50
50
10
6
13
20
10
10
10
20
10
0
10
10
0
30
30
61
70
150
100
20
30
30
10
0
10
13
10
10
10
10
0
0
10
10
0
10
20
60
10
0
0
170
103
9
136
10
10
10
10
10
20
10
10
0
19
7
10
10
20
61
20
10
120
40
10
40
5
10
20
10
10
20
40
0
10
10
20
60
30
20
20
10
11
30
50
10
10
10
10
10
10
10
20
0
10
80
20
20
10
10
30
30
10
0
11
7
28
10
19
18
20
20
30
31
250
20
10
10
20
10
0
10
54
63
20
10
0
20
90
10
0
10
10
30
0
20
20
10
14
10
21
16
20
0
70
10
10
20
6
30
12
20
20
10
20
0
60
20
20
10
10
20
20
20
50
20
10
132
110
0
5
18
10
10
20
20
10
100
30
20
10
10
20
10
0
20
20
10
10
80
20
10
20
10
10
10
10
20
8
10
30
20
20
0
20
0
10
105
69
4
15
18
4
31
9
10
19
102
14
14
9
7
44
104
8
30
60
20
0
6
20
10
0
0
0
0
10
10
0
10
10
10
8
0
0
6
10
29
26
10
10
10
0
41
0
10
10
20
6
6
6
10
10
10
0
10
10
30
0
10
10
0
18
7
42
240
20
20
260
10
20
40
20
10
20
20
20
4
11
4
18
0
0
10
96
0
40
30
30
60
20
80
0
10
40
20
20
20
10
20
10
70
0
0
10
0
0
10
10
10
0
20
6
4
7
7
11
0
10
0
0
0
10
0
6
4
10
20
10
10
10
10
10
0
0
20
0
10
10
0
20
30
10
10
10
10
10
10
0
0
10
0
0
0
11
10
10
10
10
0
0
10
10
0
10
10
40
10
10
10
0
10
10
0
0
0
0
10
10
10
41
10
0
10
0
10
30
10
4
42
0
10
10
19
8
0
10
0
0
0
0
0
0
10
0
10
10
10
0
10
20
0
0
12
0
10
0
0
4
7
10
0
10
10
0
0
0
10
