20
20
10
0
10
10
20
10
10
20
20
9
7
16
10
20
10
0
10
0
11
21
30
0
10
0
10
10
20
10
10
10
10
10
10
10
0
10
0
0
0
10
0
0
10
10
10
10
10
10
10
8
11
10
10
10
10
10
10
10
10
10
10
10
10
0
10
0
10
10
20
0
30
10
10
10
10
20
10
0
11
14
10
10
0
20
0
10
10
10
10
10
10
0
10
50
10
10
30
10
10
10
10
10
10
10
0
0
10
10
10
10
14
12
10
10
10
10
10
10
10
8
7
6
10
10
10
0
10
10
10
10
10
10
10
10
10
10
0
10
0
0
0
6
6
0
10
10
10
10
11
10
20
10
10
10
10
0
0
0
0
10
10
0
10
11
10
20
10
10
0
0
12
10
10
27
10
0
10
6
7
9
0
12
27
0
15
0
7
0
10
10
10
2
10
10
0
10
10
10
10
10
0
10
13
10
20
20
10
10
10
0
10
7
6
0
10
0
12
6
18
7
0
10
10
10
10
10
10
10
0
0
0
10
0
0
0
10
10
10
10
10
10
40
20
11
0
10
0
0
10
10
0
0
0
0
20
10
10
10
0
20
10
11
9
8
7
6
13
5
16
6
20
10
10
0
0
10
10
10
10
0
5
10
0
10
0
0
10
10
20
0
10
10
10
0
10
10
10
30
10
20
16
6
10
11
0
10
6
11
8
9
10
10
10
0
20
10
10
10
10
10
10
0
0
10
9
9
0
10
10
10
10
0
0
10
10
10
10
10
11
8
10
20
10
10
10
10
9
10
0
10
11
10
20
7
8
0
10
0
10
10
10
0
8
10
10
0
20
10
0
10
10
10
20
10
10
0
11
10
6
6
7
12
6
10
10
7
7
11
1
10
10
0
0
1
10
10
10
0
10
20
0
0
10
0
6
6
10
10
10
0
0
10
0
20
10
10
10
10
10
10
10
10
10
10
10
10
10
10
10
10
10
10
10
0
10
8
6
6
6
6
8
10
10
10
10
30
10
10
20
0
10
10
30
20
31
10
10
10
10
10
10
10
10
0
20
10
6
15
10
10
0
10
7
0
10
0
0
10
10
10
6
6
6
16
13
20
0
0
10
10
0
0
10
10
10
30
19
7
20
10
30
0
10
10
0
0
10
20
0
20
10
30
10
16
10
10
0
10
10
20
10
0
0
7
6
8
6
6
5
10
10
0
10
10
10
0
10
10
20
20
0
10
10
10
10
0
10
0
10
50
10
30
0
10
11
9
10
10
20
10
10
10
30
10
10
10
0
10
0
10
20
0
0
10
21
12
0
0
20
0
7
10
10
0
0
32
11
20
10
10
10
0
10
10
10
20
0
0
10
0
0
0
10
10
10
0
13
8
10
20
10
30
10
20
10
10
0
10
10
20
10
20
10
30
10
20
30
10
0
10
10
10
20
10
10
7
10
0
40
40
10
6
6
0
10
10
10
20
10
10
10
0
10
7
6
13
6
6
10
10
10
10
10
20
10
10
10
0
0
10
1
20
0
7
35
10
10
0
10
10
0
10
10
20
20
10
10
10
30
20
20
10
0
10
0
20
8
15
8
8
7
0
0
10
10
10
6
0
10
0
20
0
20
10
0
10
10
10
10
10
0
10
0
20
0
10
59
59
0
10
7
20
21
12
14
10
0
10
10
10
10
0
10
10
10
20
10
10
0
0
0
10
10
20
20
10
10
10
10
8
0
0
10
0
40
10
0
10
10
40
8
13
7
6
6
10
10
10
10
10
10
10
10
10
10
10
0
10
7
11
10
0
10
10
10
10
10
10
