341
341
10
0
0
20
10
10
0
10
10
10
10
10
10
0
0
10
0
7
3
10
0
10
0
10
0
0
10
10
20
40
6
5
0
10
0
20
10
10
10
10
0
10
0
0
20
0
7
4
0
10
10
10
10
0
0
0
0
0
0
20
10
4
10
0
10
0
20
0
6
4
4
3
12
0
4
32
0
1
10
10
0
0
0
0
10
10
0
10
10
10
0
10
10
20
80
30
10
31
0
0
0
10
10
10
0
6
0
10
3
3
3
3
3
2
0
0
0
0
30
30
10
10
0
20
0
2
20
10
0
20
11
5
6
10
10
10
10
0
0
10
0
0
10
0
0
0
10
10
10
10
0
0
0
5
4
6
10
0
10
10
10
0
10
19
5
10
10
0
10
10
0
10
10
0
40
10
20
0
10
10
0
20
0
20
10
0
0
10
0
1
0
0
20
5
6
10
0
10
10
10
0
10
10
0
10
10
0
0
0
10
10
10
0
10
0
20
0
10
20
10
10
10
10
0
10
0
6
20
0
0
10
0
20
10
0
10
0
0
0
10
0
10
0
0
0
0
10
20
10
10
10
20
10
0
10
20
0
0
10
10
20
10
10
0
30
10
10
7
5
15
22
10
9
10
10
0
10
10
10
0
10
10
10
0
0
0
10
0
10
10
10
10
10
0
10
0
0
0
10
0
10
0
0
10
10
3
10
10
0
10
0
10
0
10
0
0
10
0
30
10
10
10
0
30
20
0
0
10
31
20
10
0
0
10
0
20
0
0
7
5
0
10
0
10
10
10
10
0
10
10
10
10
10
0
0
10
0
20
5
10
0
10
10
10
10
0
12
10
0
4
4
10
10
20
0
10
10
10
10
10
0
0
0
0
30
10
0
0
0
4
10
10
10
11
10
10
0
10
0
10
10
10
22
3
20
10
10
10
20
10
10
0
10
0
10
0
10
10
11
10
20
0
10
0
0
0
10
10
10
0
0
9
5
3
10
0
0
10
0
10
10
10
0
20
10
5
8
10
10
0
0
10
0
0
10
10
0
0
10
13
13
10
0
0
10
10
10
10
10
10
0
0
0
50
0
10
20
10
0
10
0
10
20
10
10
5
3
5
4
5
0
10
4
0
0
10
0
10
0
10
0
10
10
10
10
0
10
0
0
10
10
0
0
0
0
10
10
0
0
0
0
5
5
0
0
7
7
20
10
0
10
0
10
20
0
10
0
0
11
11
10
0
0
6
7
0
30
10
10
10
0
10
10
0
10
10
10
10
10
0
0
0
20
0
20
0
0
7
14
4
0
0
10
10
10
10
3
3
0
40
30
0
0
20
0
10
0
0
0
20
10
0
10
0
10
20
10
0
10
0
0
10
0
0
0
0
7
5
5
4
10
10
30
0
10
0
0
10
10
0
0
10
0
0
10
0
10
10
0
0
0
10
10
10
10
10
10
0
0
10
3
10
0
0
10
14
10
0
0
0
16
8
16
30
50
10
0
0
10
0
20
0
10
0
20
0
0
10
0
10
10
3
9
0
0
0
0
10
10
10
10
10
20
0
0
0
0
10
10
0
0
10
20
0
0
4
9
9
3
4
3
8
10
10
10
10
10
10
0
0
10
0
0
0
0
10
10
0
10
10
0
0
10
0
0
10
0
10
0
5
5
0
10
10
10
0
0
10
30
4
4
4
0
10
0
20
10
10
10
10
20
10
10
20
0
0
0
0
0
8
3
0
10
10
10
0
0
10
20
0
10
10
20
10
10
0
10
10
10
10
0
10
20
20
0
10
10
10
10
10
20
10
3
6
10
0
20
10
20
10
20
0
10
10
0
10
0
0
0
0
40
10
0
10
30
0
10
10
0
4
6
6
7
5
6
10
10
10
0
10
10
10
0
0
0
0
5
10
10
0
0
0
4
10
10
10
10
10
10
10
10
10
10
0
10
10
10
10
10
0
0
30
40
60
10
11
3
10
10
10
0
0
0
0
0
10
20
10
20
0
10
10
10
10
20
10
10
10
10
10
10
0
40
10
0
4
5
0
20
10
0
10
10
0
0
30
0
10
10
0
10
0
10
0
0
0
20
10
10
10
0
10
10
0
0
0
3
4
0
10
0
10
0
30
0
0
0
10
10
10
10
10
10
0
0
10
0
10
10
20
0
10
0
20
20
3
4
10
10
10
0
0
0
0
0
10
10
10
0
10
8
3
7
4
20
10
10
10
10
20
0
10
5
5
10
10
10
0
10
0
10
30
10
10
10
10
10
10
10
0
10
0
10
0
0
10
11
20
20
10
10
0
10
20
20
30
3
4
4
4
5
5
0
10
10
10
10
0
20
0
0
0
0
10
10
0
0
0
10
10
0
10
10
170
10
0
0
10
13
10
0
0
0
0
20
0
0
10
10
10
16
5
3
3
0
20
10
20
0
20
0
0
10
0
0
80
0
20
0
10
12
12
0
0
20
0
10
20
10
0
0
0
10
10
40
0
0
0
10
20
5
10
0
0
10
0
0
10
0
20
10
10
10
10
0
10
4
6
10
0
0
10
13
10
10
0
3
5
5
3
5
4
3
0
10
10
0
10
0
0
0
10
10
0
8
10
10
22
10
0
10
10
10
10
0
0
0
10
10
10
0
40
0
30
0
10
10
10
10
5
6
5
11
5
10
0
10
10
0
4
10
0
10
10
10
10
0
0
10
10
0
0
0
0
0
0
10
10
0
0
0
0
10
0
0
10
50
10
0
0
10
10
0
9
5
6
7
12
7
5
10
10
10
10
0
10
10
10
10
10
10
10
10
0
0
0
0
0
0
0
10
0
0
0
0
0
0
9
10
10
40
0
0
20
0
10
10
20
4
5
10
10
4
10
0
0
0
10
10
10
10
3
6
10
0
0
10
10
10
10
0
0
20
0
20
0
10
10
0
0
10
0
10
30
0
10
10
10
20
10
15
26
8
10
20
10
10
10
1
10
0
10
10
0
0
0
20
30
10
10
10
10
0
10
10
0
0
0
20
10
0
10
3
10
0
10
10
10
10
20
40
0
0
10
30
0
10
10
0
10
10
10
10
0
20
0
10
10
10
20
10
10
7
11
10
10
10
20
0
10
10
0
10
10
10
3
4
10
0
0
10
10
10
10
10
20
10
10
10
20
10
10
10
0
10
0
3
2
0
0
10
0
