20
20
10
40
11
10
10
50
30
30
10
10
10
20
0
0
30
10
8
10
9
10
0
10
10
20
10
20
11
10
10
10
15
33
10
10
10
0
10
20
10
10
0
0
30
30
10
10
8
9
0
0
10
10
10
0
10
10
10
0
0
10
0
10
20
10
0
10
10
11
8
10
12
8
10
10
8
7
10
10
10
10
10
10
10
10
40
10
10
10
20
10
0
10
10
10
10
10
10
10
10
20
10
10
30
10
0
7
0
11
8
6
10
13
13
12
10
10
10
10
10
0
10
0
0
0
10
10
10
0
20
0
38
10
8
20
10
10
0
30
10
10
0
0
10
10
10
10
10
10
0
10
10
0
0
7
11
8
10
20
0
10
10
10
10
11
6
10
10
0
10
10
10
10
0
0
0
10
10
10
10
10
10
0
10
10
10
10
20
10
10
0
10
0
10
6
7
40
10
20
20
10
10
10
10
10
10
10
10
10
0
10
0
10
10
10
10
10
10
10
20
0
0
10
0
0
20
0
11
10
30
10
10
0
10
10
10
30
10
10
0
10
10
10
30
10
10
10
10
10
10
20
20
10
10
10
0
10
10
0
10
10
10
10
10
10
20
10
13
11
12
10
21
10
27
8
10
10
20
10
10
40
20
20
10
0
10
10
10
0
0
10
10
10
0
10
10
10
10
10
0
10
10
10
10
10
20
12
10
10
10
17
0
10
10
10
0
10
10
10
10
10
0
10
20
10
10
20
0
10
0
10
10
0
10
10
10
0
10
10
9
6
20
10
10
20
10
10
10
10
0
0
30
0
10
10
0
0
10
0
8
7
10
10
10
10
10
10
10
10
9
6
8
7
10
0
0
10
10
10
10
10
10
0
10
0
10
10
0
10
16
9
0
0
10
20
0
10
10
10
10
0
20
9
6
6
10
40
40
10
10
10
10
30
0
10
0
0
10
10
10
0
0
30
10
10
10
20
10
10
10
10
10
13
7
8
10
0
10
10
10
0
0
10
40
0
10
15
7
10
10
0
10
40
10
10
10
10
30
10
0
9
6
10
0
0
10
10
10
10
10
10
20
0
10
10
10
0
10
10
10
0
10
10
30
10
10
6
8
8
8
10
10
30
7
10
10
10
10
0
10
10
10
10
20
10
10
0
0
0
0
10
20
0
10
0
0
10
10
0
10
10
30
9
14
10
10
9
14
0
10
10
10
10
10
0
11
10
10
10
10
10
0
10
10
27
8
10
0
10
10
10
10
0
0
10
10
10
10
10
20
10
10
0
10
0
20
10
20
9
8
5
40
10
10
24
10
10
9
6
0
30
20
10
10
20
10
30
0
10
10
10
10
10
20
0
10
10
10
10
10
20
0
10
10
10
10
10
6
5
6
16
10
10
10
10
10
10
10
10
10
10
10
10
10
1
10
0
10
0
10
0
10
0
0
10
10
10
10
0
11
6
5
10
44
10
20
0
10
0
10
41
7
7
7
10
10
10
10
10
10
10
20
10
10
10
0
6
30
20
10
10
10
8
7
10
10
10
10
10
10
10
10
10
0
20
10
10
10
10
0
10
10
20
10
0
10
6
7
8
9
7
15
6
10
10
10
0
0
10
1
10
10
10
10
0
10
20
10
10
10
10
0
0
20
10
0
0
10
10
0
6
8
10
0
40
0
10
0
10
0
8
15
7
0
10
0
31
10
10
0
10
10
0
10
10
10
10
10
0
10
6
6
20
10
10
10
10
0
10
0
0
10
10
0
10
10
10
10
10
11
10
10
11
10
0
10
0
10
10
10
10
10
10
6
6
8
0
10
10
20
10
10
10
0
0
10
10
20
0
0
10
10
10
20
10
0
0
10
10
10
10
7
8
6
8
7
20
20
10
17
10
10
10
10
0
0
35
8
10
10
0
10
0
0
10
0
10
0
10
12
0
10
10
10
10
10
10
10
10
0
10
10
30
10
10
0
0
11
7
10
20
10
10
10
10
0
10
10
11
10
0
0
0
10
0
20
0
0
10
10
10
10
0
10
20
0
8
8
40
10
0
20
20
10
10
10
20
10
10
10
10
10
10
10
10
10
10
0
10
10
10
0
10
0
10
10
10
6
6
10
20
0
10
0
20
10
0
0
10
0
10
10
0
0
10
10
10
10
10
10
0
0
20
10
30
20
6
12
0
10
20
10
10
10
10
10
10
0
10
10
10
6
9
6
8
10
0
10
40
0
10
10
10
5
10
0
0
10
20
10
20
0
10
10
10
10
0
10
10
0
0
0
10
10
10
10
10
10
10
0
10
10
30
0
10
10
10
6
9
10
6
10
6
10
10
10
20
10
0
10
20
10
0
0
10
10
0
10
10
10
10
0
10
11
10
10
10
0
20
9
10
0
10
10
0
0
10
10
0
0
0
7
6
6
6
0
0
0
10
0
30
10
0
10
10
10
10
10
10
0
10
9
10
10
10
20
10
10
0
10
10
0
10
10
40
10
10
10
10
30
10
6
7
10
10
10
10
10
10
10
0
30
10
10
30
10
0
6
11
10
10
10
10
6
10
10
10
6
6
6
7
23
7
44
10
10
11
0
10
10
10
10
20
10
10
6
10
13
15
0
0
10
10
0
10
10
10
10
0
10
10
10
0
0
10
10
10
10
0
10
7
27
6
6
5
10
0
10
10
10
6
10
0
10
10
10
20
11
10
10
10
14
10
10
0
20
0
10
0
10
10
10
10
0
40
10
10
10
10
10
10
10
10
20
11
8
8
8
11
7
7
0
10
10
10
10
10
10
10
0
20
12
10
0
10
10
10
10
20
0
10
10
10
10
10
0
10
7
11
21
10
0
20
0
40
0
10
10
0
17
7
20
20
7
0
20
20
0
10
0
10
10
9
9
10
20
0
10
10
20
10
10
0
10
10
0
11
10
10
0
10
10
10
40
0
10
10
10
20
10
0
10
8
8
10
10
10
10
10
10
10
10
0
10
10
10
10
30
0
0
0
0
30
10
10
10
10
13
10
10
1
10
10
9
10
15
10
0
10
0
10
10
0
10
0
30
0
0
10
0
10
20
20
10
0
10
20
10
0
10
0
0
0
9
6
10
30
10
20
10
0
0
10
10
10
10
6
16
10
0
10
0
10
0
0
10
30
10
10
20
10
10
10
0
10
10
0
7
10
0
10
10
10
