0
0
6
1
0
0
0
0
0
10
0
0
20
0
10
0
0
10
0
0
20
10
4
6
11
4
8
2
0
20
0
10
0
0
0
10
3
2
0
0
0
0
10
0
10
0
0
0
0
10
0
20
10
20
0
0
10
10
0
0
0
30
30
2
10
2
1
0
0
10
0
10
0
10
10
0
0
10
20
0
10
10
10
0
10
14
9
2
2
0
10
2
0
20
0
9
2
0
0
0
0
0
0
0
0
0
0
10
0
0
20
0
10
20
0
0
10
20
5
3
5
3
1
0
0
0
0
10
0
0
10
4
21
0
20
0
0
0
3
0
10
10
0
10
10
0
10
10
0
0
2
0
0
10
0
0
10
0
0
10
30
30
0
10
10
10
0
12
10
10
0
4
2
2
10
6
3
3
10
2
0
0
0
0
10
10
0
0
10
0
3
10
0
0
10
20
0
0
0
0
0
0
10
0
0
10
0
0
0
0
0
0
3
3
1
5
3
7
0
0
3
5
0
8
2
2
0
0
0
10
0
20
0
0
10
10
0
10
10
0
0
0
0
0
0
0
0
2
10
10
2
2
0
0
0
0
11
20
10
0
0
10
0
0
0
30
0
0
0
0
10
20
0
0
0
0
10
0
0
0
10
0
0
14
7
50
0
10
2
2
2
2
0
0
0
0
0
0
6
0
0
10
0
10
10
0
0
10
0
0
0
0
0
10
11
2
0
0
0
0
4
3
0
5
2
2
3
3
2
3
10
0
20
0
10
0
20
0
0
10
10
0
30
0
20
20
0
10
0
10
0
10
10
3
3
10
10
10
40
20
0
0
0
10
0
0
10
20
0
0
0
3
2
3
4
2
10
0
0
20
10
0
0
0
10
0
0
40
3
0
0
0
0
30
10
10
20
0
0
0
3
4
6
2
6
10
0
21
1
10
9
3
0
0
10
10
0
0
0
0
20
10
20
10
0
20
10
2
2
0
0
0
0
20
0
0
0
0
20
30
2
3
4
6
0
20
10
0
10
40
10
4
2
10
2
10
2
2
3
6
0
4
3
0
0
10
0
10
10
10
0
0
30
0
10
0
0
10
31
0
4
4
10
0
0
0
0
0
10
10
0
0
0
30
0
0
0
0
0
10
0
0
0
0
10
0
10
11
2
0
2
0
10
0
2
12
0
0
0
10
0
10
0
10
10
0
10
10
0
0
10
2
2
2
0
0
0
10
0
10
0
31
0
3
2
7
0
0
20
10
0
0
10
10
0
10
0
10
10
0
20
20
0
5
20
0
10
10
0
4
1
20
20
0
10
10
0
10
2
0
46
6
10
0
0
0
20
10
0
3
10
20
0
0
30
0
0
0
0
0
0
11
10
20
0
11
10
0
2
5
0
0
40
2
10
10
0
2
6
0
3
4
2
15
5
10
0
0
10
0
0
10
0
0
10
0
20
0
30
0
0
0
0
10
10
0
3
4
2
3
2
10
10
10
10
0
0
0
10
0
10
10
10
0
0
0
10
10
10
10
0
0
10
10
0
0
0
10
10
5
0
2
2
0
0
0
9
2
30
0
30
0
0
0
0
0
0
0
0
80
20
0
0
0
10
10
20
0
20
10
3
7
0
0
0
0
10
0
10
10
0
20
10
2
4
3
2
10
0
0
10
10
30
0
10
10
0
10
10
0
0
10
10
0
10
20
10
30
0
20
10
10
0
10
0
0
0
1
7
3
0
10
2
0
10
0
10
3
2
3
3
3
0
10
20
0
0
0
0
20
10
0
0
0
10
0
10
10
15
3
0
0
0
10
0
0
0
0
20
10
