10
10
2
0
0
10
0
0
10
0
0
20
0
0
0
10
0
0
0
0
10
0
2
2
2
3
3
2
10
0
10
0
0
11
0
0
3
5
0
0
0
0
10
0
0
0
0
0
10
0
10
20
10
0
20
0
2
0
20
0
0
0
0
7
0
2
4
10
0
0
10
10
0
0
0
0
10
0
0
0
0
0
10
0
0
1
1
4
5
0
30
1
10
0
20
5
10
0
10
10
10
0
10
0
0
0
10
0
10
10
0
0
10
0
10
10
10
0
2
3
5
1
2
10
0
0
0
0
0
0
0
2
30
0
0
0
0
0
2
0
0
0
0
0
0
20
10
0
0
10
3
0
0
0
10
0
0
20
0
0
0
0
10
0
10
10
0
0
10
10
0
1
4
1
2
6
3
4
0
2
10
0
0
10
0
0
0
30
0
0
3
0
0
0
0
10
0
0
0
10
0
10
0
0
0
10
0
0
0
0
0
0
4
7
2
3
2
1
0
10
2
3
10
2
1
2
0
0
0
30
0
20
10
0
0
0
0
0
0
0
0
0
12
0
0
10
10
2
0
0
1
2
0
0
0
0
0
0
10
10
10
0
0
0
10
20
0
10
0
0
0
0
0
10
0
0
0
0
0
0
10
0
0
5
2
0
0
0
1
1
1
1
0
10
0
0
10
0
10
0
0
0
0
0
0
10
10
0
10
0
10
0
10
0
2
4
0
10
20
0
7
7
0
2
2
2
1
2
2
5
1
0
10
0
0
0
20
0
0
0
0
0
10
10
10
0
0
0
10
0
10
0
0
1
2
0
0
0
20
0
10
0
0
0
0
0
0
20
0
0
0
2
13
2
2
2
0
10
0
0
0
10
10
0
10
10
0
0
5
0
0
0
10
20
0
0
20
10
0
0
1
2
2
1
7
0
20
2
3
3
3
7
0
20
0
10
10
0
0
0
0
10
20
0
0
10
0
26
2
0
0
30
0
0
10
10
0
0
0
0
3
2
2
2
0
10
0
0
0
0
0
3
7
0
3
0
2
2
2
2
10
2
5
10
10
0
10
0
0
0
0
0
20
0
0
0
0
0
5
0
4
4
10
10
10
0
0
10
10
0
10
0
0
10
10
0
0
0
0
10
0
0
0
0
0
0
0
1
2
10
0
0
0
0
6
3
20
10
0
0
0
0
10
0
0
20
0
0
0
10
10
2
2
12
0
0
11
0
0
0
10
2
0
6
2
15
0
0
0
10
0
0
0
0
0
0
10
0
0
10
0
0
0
2
0
10
0
0
0
3
2
0
0
0
0
0
10
10
1
0
3
4
0
10
0
0
20
0
0
5
0
30
0
0
0
0
0
0
0
10
10
0
0
0
0
5
0
10
2
0
3
0
0
11
0
0
0
2
3
0
2
2
2
0
1
10
10
0
0
0
0
10
10
0
0
0
10
0
10
0
10
0
0
10
0
10
2
2
2
3
1
0
10
0
0
10
0
10
0
0
0
0
0
0
0
0
0
0
0
0
2
10
0
10
10
0
10
0
0
6
10
5
2
20
20
0
2
3
0
10
0
0
10
10
10
0
0
10
0
10
0
0
0
0
0
10
20
10
0
0
3
4
0
0
0
0
10
10
10
0
50
0
0
2
7
1
18
5
0
10
0
0
0
0
0
10
0
0
10
0
10
0
0
10
10
0
0
10
0
10
0
10
10
10
10
0
10
2
1
8
10
0
3
0
0
10
20
1
1
2
1
10
0
10
0
0
0
0
30
20
0
0
10
10
10
0
0
0
1
11
10
0
10
0
0
10
0
10
0
0
