0
0
1
10
10
0
0
10
0
10
10
0
10
10
0
0
0
0
0
0
10
10
2
3
3
2
2
1
0
0
0
0
10
0
0
30
1
2
0
10
10
10
0
0
20
0
0
20
0
0
0
10
0
10
0
0
5
0
20
10
0
0
0
4
0
1
4
0
0
10
0
0
0
10
0
0
0
10
0
0
0
0
20
0
0
4
6
2
1
0
7
1
0
0
0
3
0
0
0
0
0
0
0
0
10
0
0
10
0
0
0
0
0
0
10
0
0
0
2
2
2
2
2
0
10
10
0
0
0
0
0
3
0
0
10
10
0
0
3
0
20
0
0
10
10
0
1
0
0
0
1
10
0
0
0
10
0
0
0
10
0
0
0
0
0
0
0
0
10
0
0
1
4
1
8
2
2
1
0
4
0
10
0
0
0
0
0
30
0
0
6
0
10
10
10
10
10
10
0
0
0
0
0
0
0
0
0
10
10
10
0
0
6
2
1
1
1
1
0
0
2
2
0
2
3
2
10
0
10
10
10
0
0
10
0
0
0
0
10
0
0
0
4
10
0
0
3
2
10
10
1
22
0
0
20
10
10
20
10
0
0
0
0
0
0
10
0
0
0
0
0
0
0
0
10
10
0
0
0
0
0
0
10
3
2
30
0
0
2
2
5
2
0
0
0
10
0
10
4
0
0
0
20
10
0
0
0
0
0
0
10
0
0
0
1
1
0
0
0
10
8
8
0
2
1
1
1
1
2
3
3
10
0
10
0
0
10
10
10
10
10
0
0
0
0
0
10
0
0
0
0
0
10
4
1
0
0
0
20
0
0
0
0
0
0
10
0
0
0
0
0
1
8
3
4
1
10
0
10
0
0
0
0
11
0
0
0
0
2
10
0
10
0
0
10
0
20
0
0
0
2
2
4
2
4
10
0
1
4
1
6
2
0
10
0
0
10
10
10
0
0
0
0
0
0
0
0
4
1
0
0
0
10
0
0
0
0
10
0
0
1
2
3
5
0
0
10
0
0
0
0
2
2
10
1
0
1
1
1
6
0
5
2
0
10
10
10
0
0
0
0
0
20
10
0
0
0
0
2
0
7
7
0
0
0
0
10
0
0
0
0
0
0
0
0
0
0
0
0
0
0
0
0
0
0
0
0
2
1
0
10
0
0
10
1
2
0
0
0
0
0
0
0
0
20
0
0
10
0
0
0
25
2
1
0
10
14
0
0
10
0
3
0
3
1
2
12
10
0
0
0
10
0
0
0
10
0
0
10
0
10
10
0
1
0
0
10
0
0
2
2
0
0
10
0
0
0
1
2
0
1
1
0
10
0
20
0
0
0
5
0
20
0
0
0
0
0
0
10
0
0
0
0
0
0
3
0
0
9
20
1
0
10
2
10
10
0
1
5
0
1
6
3
0
3
0
10
0
0
0
0
0
0
0
10
10
0
10
0
0
0
0
10
0
0
1
6
3
6
5
0
0
0
0
0
0
10
0
0
10
0
0
0
10
0
0
0
0
0
0
0
0
0
0
0
0
0
0
0
2
0
1
6
0
0
10
1
1
10
0
0
0
10
0
0
0
0
0
0
0
0
10
0
0
10
30
7
0
0
0
4
2
10
0
0
0
10
0
0
0
10
0
0
2
5
2
4
3
0
0
0
0
10
20
0
0
10
0
0
0
0
0
0
0
0
0
0
0
0
0
0
10
0
0
0
10
0
2
0
2
0
0
2
0
20
0
2
3
2
3
1
2
10
0
0
0
0
0
20
20
10
0
0
0
0
10
0
0
2
3
0
10
0
0
0
0
0
0
0
0
