341
341
341
341
341
341
341
341
0
10
10
10
30
30
20
30
0
40
20
20
30
0
10
7
7
9
16
30
40
40
30
10
6
0
0
10
10
30
20
10
10
20
20
0
10
0
0
10
10
10
10
20
10
31
10
10
90
10
0
10
10
0
20
0
0
10
20
0
10
60
40
20
10
0
10
0
0
0
10
6
10
10
10
10
10
10
10
10
10
10
20
10
10
20
20
10
10
20
10
10
10
0
0
10
10
10
0
20
25
29
11
3
18
18
9
10
0
10
10
10
0
12
10
0
20
10
0
10
20
20
10
11
9
0
0
0
10
0
30
0
20
31
20
30
10
0
12
10
20
0
0
0
10
20
10
10
20
10
0
10
10
10
10
10
10
10
10
10
5
7
4
8
5
10
0
10
10
15
3
11
20
20
5
4
17
10
10
10
10
4
10
10
8
8
0
30
30
10
0
8
7
10
10
10
0
20
10
10
0
10
0
10
10
10
0
10
0
4
13
5
6
20
10
10
20
0
12
7
4
10
12
10
10
10
10
20
10
10
0
0
5
5
5
5
5
5
5
5
20
0
10
0
20
0
0
10
0
10
10
10
20
10
0
10
0
0
20
10
10
30
10
6
3
3
5
5
0
40
0
10
10
0
10
20
10
20
10
10
10
0
14
10
10
10
10
40
14
2
4
5
0
10
10
10
10
10
10
0
10
10
10
0
10
50
10
10
20
0
10
10
10
10
10
10
10
10
10
20
0
0
10
10
0
0
20
10
20
0
10
10
20
0
20
30
21
20
0
10
0
10
10
10
10
4
20
10
0
10
10
10
20
10
10
10
0
10
0
10
10
0
20
0
10
0
0
0
0
0
10
10
10
0
0
10
10
10
10
10
10
0
0
30
30
10
10
10
0
10
10
10
10
10
10
10
10
10
10
10
10
0
10
0
0
10
20
50
0
0
40
10
10
10
10
0
20
30
10
0
10
6
7
4
5
20
30
0
0
0
20
0
20
20
0
30
20
30
10
10
20
10
10
20
10
10
50
30
0
0
20
0
10
20
0
0
0
10
10
0
0
0
0
12
3
4
3
7
5
3
4
7
10
10
10
10
10
10
10
10
20
20
20
20
20
10
11
20
30
0
10
0
20
20
0
20
30
10
0
0
0
0
10
10
20
10
0
0
11
10
10
30
30
20
6
4
7
10
10
10
60
30
10
20
30
0
0
10
30
30
10
30
10
0
0
10
10
0
10
0
30
40
10
10
10
10
10
20
30
0
10
0
10
10
10
10
10
10
20
20
10
0
10
10
0
10
20
10
20
0
0
0
10
10
10
0
20
10
0
20
20
10
20
10
10
10
0
20
10
10
10
0
10
0
0
0
4
5
4
4
10
0
0
10
10
0
0
10
0
0
6
4
5
7
4
8
6
20
20
0
10
20
20
10
10
10
10
10
10
10
10
10
10
10
10
10
10
10
10
10
0
20
0
0
10
10
0
10
0
10
10
10
10
10
15
20
0
0
20
0
10
10
30
10
0
10
10
20
6
3
10
10
40
10
10
10
20
10
20
0
10
50
10
10
10
0
0
10
10
30
30
0
10
0
10
20
20
10
10
0
10
10
20
0
0
10
0
0
10
0
0
0
7
7
7
7
7
7
7
4
10
0
0
10
10
10
10
30
30
10
20
10
0
10
0
20
10
20
10
20
20
10
20
10
0
10
5
6
5
4
6
20
0
10
10
0
0
10
0
10
0
0
0
10
10
0
10
10
20
14
4
1
10
2
20
30
20
30
0
20
20
0
10
0
6
0
0
0
10
0
10
0
