20
20
20
20
20
20
20
20
40
10
10
30
50
50
30
30
30
30
20
30
10
0
10
9
12
13
30
10
10
10
20
16
11
10
10
20
30
10
20
20
20
20
20
30
10
10
20
10
30
20
20
10
10
0
10
10
10
30
10
10
20
30
10
30
0
10
10
10
0
20
30
30
10
0
10
10
10
0
20
8
20
20
10
20
20
20
10
10
10
10
30
30
40
0
20
10
20
0
10
30
10
10
10
20
10
0
0
20
8
5
8
8
7
19
7
10
10
10
0
0
10
10
0
0
0
0
0
10
30
20
0
10
8
10
10
10
10
30
20
10
10
10
50
10
20
10
30
10
10
0
10
0
11
10
0
10
10
30
0
10
10
10
20
20
20
20
10
0
20
7
7
6
10
0
10
12
17
5
12
8
20
20
18
12
8
10
10
10
10
9
20
11
6
7
10
10
0
10
10
7
40
10
10
10
10
20
10
10
0
10
10
10
20
10
10
20
10
6
6
7
6
10
0
0
0
10
7
12
6
8
10
10
10
10
10
10
10
10
10
20
12
16
17
17
13
12
16
11
10
10
30
10
2
0
0
10
0
10
10
10
20
10
10
0
20
30
10
10
10
20
10
8
6
10
6
7
10
10
10
0
10
0
10
6
10
10
30
10
10
10
0
0
0
0
70
0
9
5
15
5
20
10
10
10
10
10
10
21
10
20
10
10
10
0
0
0
10
0
0
0
10
10
10
20
10
10
10
0
10
10
10
20
30
10
10
10
10
20
20
0
0
10
10
10
20
0
10
10
0
20
10
10
10
11
10
10
10
10
10
10
10
10
10
0
10
10
20
20
0
10
0
10
10
10
0
20
20
10
10
0
30
30
20
10
10
10
0
10
10
0
20
20
20
20
10
20
10
10
10
10
10
20
10
20
20
10
20
10
0
10
10
10
10
30
30
30
10
20
10
10
30
0
30
10
0
0
30
10
0
19
8
7
9
0
20
20
60
20
20
10
10
20
20
10
20
10
10
10
20
10
10
20
20
0
30
10
0
20
0
10
0
0
20
10
10
10
10
0
20
20
15
11
7
9
5
14
6
5
9
13
20
10
10
10
10
10
10
10
20
0
50
0
10
11
20
0
10
0
0
30
20
0
10
0
20
30
10
20
10
0
0
30
10
10
10
0
20
10
10
0
10
10
10
7
11
0
0
30
0
30
0
0
30
10
30
30
0
20
40
10
30
20
0
10
0
10
10
10
30
20
0
10
10
11
10
27
0
30
0
0
10
20
20
20
20
20
20
20
10
0
20
0
10
10
10
10
0
10
10
10
0
10
0
10
10
10
30
10
10
10
0
20
10
10
0
10
0
10
10
10
10
0
10
11
6
11
11
13
10
10
20
10
10
0
10
10
10
10
7
6
7
12
11
12
6
20
0
10
30
0
10
20
10
10
10
10
10
10
10
10
10
10
10
10
10
10
10
10
20
20
10
10
10
30
20
10
10
20
10
20
0
10
0
0
10
20
10
10
10
0
10
0
10
10
30
10
6
9
0
20
0
10
0
10
10
20
10
20
10
10
0
20
0
10
10
0
0
30
8
40
10
0
10
0
0
10
10
10
0
30
10
10
0
10
0
10
10
10
10
10
25
25
25
20
16
25
26
22
0
10
0
30
10
0
30
30
30
10
20
0
0
10
50
10
10
0
10
30
30
10
10
10
0
30
11
7
10
10
7
0
10
10
0
10
10
10
0
0
10
10
10
31
0
10
10
30
20
10
16
10
20
20
20
20
10
10
10
10
0
10
0
10
10
2
10
0
10
0
10
10
