0
10
0
1
0
0
0
0
10
0
20
10
0
0
10
0
0
1
0
1
0
0
0
0
4
0
0
10
0
0
10
10
0
0
0
12
0
0
10
0
0
0
0
0
0
10
10
10
0
0
3
10
0
0
0
0
7
10
0
10
10
10
0
0
30
10
2
6
0
0
10
0
0
0
0
0
2
2
10
10
10
10
10
0
0
0
10
0
0
0
0
0
10
0
0
10
0
2
10
0
10
2
0
1
0
3
3
2
0
0
0
0
0
0
0
6
0
10
0
1
1
10
1
30
6
0
1
3
0
0
2
2
0
10
10
0
0
0
0
10
0
8
2
1
0
10
0
0
0
9
0
0
0
0
0
0
10
10
0
0
0
3
0
0
0
0
0
0
0
7
3
0
10
0
0
0
2
10
1
0
0
0
10
1
0
10
2
0
2
0
0
1
4
0
0
2
2
2
1
10
4
12
0
0
0
0
0
0
0
0
0
10
3
2
4
3
1
10
0
0
0
12
0
10
10
0
10
0
0
2
0
10
0
10
0
10
2
2
0
0
10
10
0
10
1
5
1
0
0
0
2
4
2
0
2
8
0
0
0
1
10
9
0
10
0
0
10
10
0
0
0
10
0
0
10
0
10
0
0
2
0
10
0
0
0
0
10
0
0
10
0
4
19
1
4
0
0
10
1
20
0
0
0
0
0
0
0
0
10
0
10
0
5
1
2
10
0
0
10
0
2
0
3
3
0
10
2
4
1
10
0
0
0
0
0
0
0
10
1
0
8
0
1
0
3
3
0
0
3
0
10
0
0
10
10
0
0
0
0
0
0
1
6
0
0
0
0
0
10
0
0
0
0
4
0
0
2
0
2
0
0
0
20
0
0
1
1
4
2
10
10
0
10
10
10
4
0
10
0
10
0
29
10
0
0
10
0
0
0
0
0
0
1
1
10
1
10
0
0
0
0
10
0
0
2
4
2
2
1
10
1
10
10
0
0
0
0
0
0
0
10
0
0
0
0
10
0
0
0
6
2
0
30
0
0
0
0
10
0
0
0
10
0
10
10
0
10
0
0
0
1
2
3
0
0
0
0
9
10
10
7
10
20
0
2
6
10
0
1
10
4
0
10
0
0
10
10
0
20
0
0
4
2
10
0
0
0
10
10
0
5
10
0
0
0
0
2
2
10
0
4
10
1
4
4
10
0
0
0
10
0
0
0
0
10
7
0
0
0
0
0
10
0
0
0
32
0
0
0
0
10
0
2
0
4
5
10
10
10
0
0
0
2
0
3
2
1
0
0
0
10
0
0
0
0
20
0
0
10
4
33
0
10
0
0
0
20
10
0
0
0
0
0
0
5
0
0
1
10
0
10
4
0
0
8
1
10
1
10
1
0
0
0
0
10
20
0
10
0
0
0
10
10
0
0
0
0
0
10
0
10
0
10
0
0
0
10
0
10
0
2
0
0
10
0
1
5
6
0
0
0
0
0
10
0
10
10
2
10
3
0
10
0
0
0
0
0
0
10
1
10
0
0
3
0
2
0
0
0
0
10
0
1
0
1
0
10
0
0
0
0
10
4
4
0
10
10
0
10
0
10
0
10
0
0
0
0
0
10
10
1
0
10
2
0
10
0
10
0
0
1
7
1
10
3
10
0
0
30
0
10
0
1
10
2
5
0
0
0
3
0
0
0
0
5
0
10
2
3
10
2
0
0
0
0
0
0
0
5
10
0
0
0
0
0
0
0
0
0
0
0
0
16
2
0
10
10
0
10
10
0
10
1
0
0
0
0
0
7
0
0
10
0
0
10
0
0
10
0
0
