0
0
10
1
0
0
0
10
10
0
32
0
0
10
0
10
10
2
22
8
0
0
0
10
4
0
10
0
0
10
0
0
0
10
10
2
0
0
0
0
0
0
10
0
10
0
0
0
10
0
7
0
10
0
0
10
2
0
0
0
0
0
10
10
0
10
2
2
0
0
0
10
0
0
0
0
6
5
20
0
10
0
0
10
0
0
0
30
0
0
0
0
0
0
0
0
0
11
0
0
0
2
10
1
0
1
1
6
10
10
0
0
0
0
2
3
0
0
10
2
8
0
2
0
2
0
2
4
0
0
3
2
10
0
0
10
10
0
10
0
10
11
1
2
0
10
0
0
0
1
10
0
10
0
0
0
0
0
10
10
10
6
10
0
0
0
10
10
10
2
2
0
20
10
10
10
2
10
2
0
0
0
0
2
0
0
2
0
6
10
0
2
4
0
10
3
2
4
2
0
6
4
0
0
0
10
0
0
0
0
10
0
1
6
2
4
2
0
0
10
0
20
0
0
0
0
0
20
10
2
10
0
0
20
0
20
2
1
0
0
0
0
10
0
1
2
1
10
10
0
3
9
5
0
3
2
0
0
0
1
0
5
0
0
0
10
0
0
10
0
10
0
0
10
0
0
0
0
10
1
10
0
10
10
10
0
0
0
0
0
0
3
3
1
1
0
0
0
2
0
0
10
10
10
10
0
0
0
0
10
0
0
4
3
3
0
20
0
0
0
4
10
2
2
10
0
2
2
2
0
0
0
10
0
0
0
0
0
3
0
3
0
3
0
7
2
0
10
2
0
0
10
0
0
0
10
0
0
0
0
10
1
10
10
10
10
0
0
0
0
0
0
10
2
0
10
2
10
3
0
10
10
0
0
0
2
2
3
2
0
0
0
0
10
20
14
0
0
10
0
0
10
0
10
0
10
0
0
0
0
10
10
1
6
0
2
10
10
0
10
0
0
0
0
2
16
2
7
2
10
13
0
0
10
10
10
0
0
10
10
0
0
0
0
10
0
0
0
0
2
3
0
0
0
0
10
0
0
0
10
0
0
10
0
0
0
0
0
70
10
2
1
5
0
10
10
10
1
0
0
4
0
0
10
6
2
0
10
1
0
2
10
0
0
0
0
10
0
0
10
0
4
2
0
0
0
0
0
0
0
9
0
0
10
10
0
4
2
0
0
1
0
1
6
2
0
0
0
10
0
0
0
10
0
0
2
10
0
10
10
0
0
0
10
0
10
20
10
0
0
50
10
1
0
1
2
0
0
0
0
0
0
4
30
7
2
4
0
10
0
0
10
10
10
10
0
10
0
10
2
5
0
10
0
0
0
10
0
0
0
10
10
0
10
14
10
0
2
10
0
10
2
10
0
2
3
10
2
0
4
0
10
10
10
0
0
0
10
10
10
10
0
0
0
0
0
0
0
10
10
0
0
10
0
10
10
0
20
10
0
2
10
0
0
10
6
8
2
10
0
10
0
0
0
10
10
0
7
0
1
10
0
10
0
10
0
0
10
0
2
0
0
10
2
0
6
0
0
10
0
0
0
2
0
2
0
0
10
0
0
0
10
8
7
0
0
0
0
0
10
0
0
0
10
0
10
0
0
0
30
1
0
0
8
10
0
0
0
0
0
2
2
2
0
1
0
0
10
0
0
10
0
2
0
2
8
0
10
10
3
0
10
0
10
4
0
10
9
3
0
5
10
0
10
0
10
10
0
13
0
10
0
10
10
0
0
10
0
50
10
0
0
6
6
0
0
0
10
0
0
10
0
4
0
0
0
0
0
2
0
0
0
0
10
0
0
0
0
0
0
