10
10
0
4
10
10
10
10
10
0
0
0
0
0
0
0
0
2
6
3
10
0
0
0
4
0
0
0
0
30
10
0
10
0
0
6
0
0
10
10
20
0
10
10
0
10
0
0
0
0
4
3
0
10
0
0
2
20
10
10
10
10
0
0
10
10
2
4
0
20
0
0
0
10
0
0
14
12
0
10
0
10
0
0
10
0
0
0
10
0
10
10
10
0
0
0
0
2
10
0
0
3
10
3
10
4
1
2
0
20
10
0
10
0
0
3
10
30
0
4
2
0
3
40
1
10
5
4
0
0
7
6
0
2
10
0
0
10
0
0
0
2
8
2
0
10
10
10
0
2
10
0
10
0
10
0
0
10
0
10
10
5
0
0
0
0
0
0
0
7
5
0
30
0
0
0
2
0
3
10
10
0
0
2
0
0
1
0
2
0
0
5
2
0
0
5
4
2
2
0
2
3
10
10
10
0
0
10
0
0
0
0
2
1
4
3
4
10
10
10
10
30
0
0
0
0
100
10
20
20
0
0
0
10
10
10
3
4
10
10
0
0
0
0
7
2
4
0
0
10
5
4
7
0
7
3
0
0
10
2
10
5
10
0
10
0
0
0
10
10
10
10
0
0
3
10
0
10
0
3
10
0
10
0
0
10
0
10
10
10
10
3
2
2
5
0
10
10
3
10
0
40
0
0
10
0
0
0
0
0
0
10
12
1
1
10
0
0
10
0
10
0
11
2
0
10
15
2
3
0
30
0
0
0
0
0
0
10
2
0
2
30
7
0
3
2
0
10
2
0
0
0
10
10
0
10
0
0
0
10
10
4
2
0
0
0
0
10
20
30
0
10
0
2
0
0
3
0
12
10
0
0
10
10
10
5
2
13
8
10
0
0
10
0
0
4
0
10
0
10
10
10
10
0
10
0
10
0
80
0
0
0
4
2
0
10
0
10
0
0
10
10
0
10
2
4
13
2
0
10
3
10
10
0
0
30
0
0
0
10
10
0
0
10
1
0
0
0
0
2
4
0
10
10
10
10
0
0
10
10
10
0
0
10
0
0
10
0
10
0
2
7
2
10
0
0
0
2
0
10
4
0
0
10
1
4
0
0
3
0
2
0
0
0
10
0
0
0
10
0
10
0
2
10
0
0
0
0
0
10
3
0
0
20
10
0
10
3
10
0
2
10
2
5
5
10
0
0
10
10
0
0
0
0
0
2
0
10
0
0
0
0
0
10
10
10
10
10
0
10
0
0
2
10
3
2
0
10
10
10
0
10
1
0
4
3
7
10
0
0
0
0
0
0
0
0
10
0
0
2
4
0
0
0
10
0
10
10
10
0
10
0
10
0
0
0
2
47
10
0
10
2
0
10
6
2
0
8
0
3
0
0
20
0
10
0
10
0
10
0
0
0
10
0
10
0
0
10
0
0
0
0
0
0
0
0
0
0
10
10
4
0
0
10
0
1
2
10
10
10
10
0
10
10
10
0
0
4
0
5
0
10
0
0
0
10
10
0
10
0
0
0
0
7
0
2
0
10
0
10
10
0
6
0
6
10
0
10
10
10
0
10
4
2
0
10
10
10
10
0
10
10
0
0
0
10
0
0
30
10
5
0
10
3
0
0
60
10
10
0
3
6
2
0
47
60
10
0
10
10
20
10
2
10
2
24
10
20
52
5
0
0
0
0
6
0
0
19
59
10
8
0
0
0
10
0
10
0
3
0
10
20
0
0
10
0
0
0
10
10
0
0
3
2
0
0
10
0
0
10
0
10
2
0
0
10
0
0
10
10
0
0
0
10
0
0
0
0
0
10
