0
3
6
0
20
40
1
0
0
0
10
10
0
0
10
10
10
0
0
3
10
0
0
0
10
0
0
0
10
0
10
0
10
10
0
0
2
0
10
10
2
4
0
0
0
0
0
10
0
0
10
10
1
0
0
10
22
0
10
10
10
10
0
6
40
0
0
0
0
0
2
0
0
0
0
20
0
0
0
10
0
0
0
10
0
0
3
0
5
0
20
0
20
0
0
10
0
0
0
3
10
10
10
0
0
2
0
0
0
0
0
10
0
0
10
0
3
0
0
0
0
0
0
4
2
5
0
10
0
10
0
10
10
10
1
0
10
0
0
0
10
10
50
10
10
0
10
7
2
30
1
0
0
2
10
3
10
1
10
0
10
0
0
0
0
0
0
10
10
0
10
0
2
2
10
0
0
0
0
0
10
10
0
0
0
0
10
0
1
0
0
2
2
0
10
10
10
0
0
0
0
0
10
10
10
10
1
0
10
0
0
0
0
10
0
6
2
10
0
0
0
0
10
0
0
0
0
0
10
0
0
0
0
0
0
0
3
3
1
3
1
0
0
0
0
10
0
10
10
0
0
0
0
0
10
3
0
10
0
0
0
0
0
10
10
10
0
0
10
0
0
0
4
0
10
10
10
0
10
0
0
0
0
10
0
0
0
10
2
0
0
10
0
10
0
0
0
0
0
0
0
12
0
0
0
0
2
0
0
4
0
0
10
10
10
0
0
10
0
0
0
0
10
2
2
2
6
0
0
0
10
0
0
10
10
0
10
0
17
0
0
0
10
0
10
0
3
2
0
0
10
0
10
0
0
3
0
10
10
0
10
10
0
10
0
10
0
0
2
10
10
1
0
10
0
0
0
10
0
0
0
0
0
10
10
0
0
1
6
10
0
10
10
0
10
10
0
0
0
0
10
0
10
0
0
0
0
0
0
0
0
0
10
10
0
0
0
10
10
0
0
0
0
0
6
10
10
0
0
0
10
0
10
0
10
40
10
10
10
10
10
0
10
0
0
10
0
10
12
3
2
10
20
0
2
0
0
10
0
0
0
10
0
10
0
0
10
10
10
0
0
10
1
10
10
10
10
0
20
0
10
5
10
10
0
0
10
0
0
10
0
0
10
2
0
10
0
20
0
0
0
10
0
2
1
2
2
0
10
0
2
10
0
0
10
0
10
0
0
10
0
0
10
10
10
10
10
1
9
0
0
0
0
10
0
0
0
10
0
0
0
0
0
2
20
0
10
0
4
10
10
0
10
10
10
0
0
10
10
1
0
0
0
0
0
10
0
10
20
0
2
0
10
10
0
4
10
0
10
2
0
0
0
0
10
0
3
10
0
0
0
10
0
0
0
10
20
0
0
10
0
0
10
0
0
0
10
0
10
0
10
10
0
3
0
0
0
10
0
0
10
0
10
20
0
10
0
10
0
5
0
10
0
10
0
0
10
0
2
2
0
20
3
0
0
0
0
0
10
0
0
10
0
0
0
4
0
0
0
10
0
0
10
0
0
0
10
2
6
2
10
0
0
0
20
0
40
0
10
10
0
10
0
0
0
0
4
10
0
0
1
0
0
10
0
0
10
0
20
0
10
0
0
3
10
0
10
11
0
0
0
0
0
8
2
2
9
10
10
0
1
0
0
10
10
10
10
10
0
10
0
10
0
0
0
10
3
10
0
0
0
0
0
10
10
0
3
2
20
0
0
10
2
10
0
0
10
0
0
0
10
0
10
0
10
0
0
0
0
3
0
0
0
0
0
0
10
0
0
0
0
10
0
0
10
2
2
0
0
0
0
0
2
2
2
0
10
0
10
10
