321
321
10
0
20
20
0
0
10
10
0
4
4
8
5
10
0
0
0
0
5
10
0
10
0
0
10
0
0
10
20
0
10
0
11
0
20
10
20
10
0
10
0
10
0
0
10
10
0
10
10
14
5
10
10
0
10
20
10
0
10
10
10
10
10
0
20
20
0
0
20
10
0
10
10
0
10
0
10
0
6
5
10
10
0
0
10
0
10
30
0
0
0
10
0
20
0
10
10
10
10
0
10
1
10
10
10
21
10
0
0
10
20
4
0
10
1
10
10
0
0
5
8
33
0
10
10
20
20
10
20
10
10
10
10
10
10
10
10
10
30
0
10
5
10
10
0
0
10
0
0
10
0
30
10
20
10
10
10
0
10
10
10
0
10
10
0
24
10
0
10
0
10
10
0
3
0
10
10
3
4
3
20
0
0
0
5
0
0
10
10
10
0
10
10
0
0
10
10
10
0
10
10
10
10
10
0
0
10
0
0
10
0
3
4
0
10
10
4
3
5
9
0
10
0
10
10
20
10
10
0
0
10
10
0
0
10
0
0
0
0
10
10
10
0
10
10
20
10
0
0
1
0
0
0
0
10
10
0
10
10
0
0
0
3
8
6
16
7
8
4
5
10
10
0
40
10
20
10
0
10
10
0
0
0
40
0
0
0
10
20
0
0
10
10
0
0
20
20
0
0
10
15
13
10
10
0
0
5
4
3
3
10
10
0
0
0
80
10
0
10
10
10
0
10
0
5
4
10
10
10
10
10
0
10
0
10
10
0
0
10
4
10
10
0
10
0
10
15
10
0
20
0
10
10
6
10
0
0
0
10
0
10
10
13
10
0
0
10
0
0
10
10
0
20
0
10
10
0
10
6
3
4
4
6
10
0
11
3
0
0
10
0
10
0
0
0
0
0
10
10
10
10
0
0
0
3
6
10
11
0
0
0
10
0
10
10
10
0
10
20
0
0
10
10
0
10
10
10
10
0
10
0
10
10
0
3
16
9
4
5
13
6
10
10
10
10
30
20
10
10
10
0
0
10
10
0
10
0
10
0
0
10
20
10
0
10
0
4
7
10
10
0
20
4
0
0
0
20
10
0
10
29
13
4
5
13
10
10
0
20
10
10
10
0
0
10
10
12
4
10
10
20
10
0
0
0
10
0
20
0
0
10
0
10
10
10
20
0
0
0
10
0
0
0
3
4
5
5
4
5
0
10
11
10
0
10
0
20
20
10
20
10
91
30
20
10
0
10
10
10
10
10
40
10
0
9
8
10
0
10
10
20
40
10
0
20
10
0
10
20
0
0
10
10
10
0
4
0
0
20
0
21
20
0
10
0
10
60
11
0
0
10
20
10
0
20
10
20
20
10
20
0
10
0
10
0
10
5
4
20
20
0
10
0
11
10
10
10
0
10
10
10
10
40
0
0
10
10
20
30
10
10
20
20
30
0
5
10
0
0
0
10
3
3
10
20
0
30
20
0
0
0
0
0
11
8
5
4
5
10
20
0
10
10
10
0
10
10
0
10
10
10
3
20
4
3
0
41
10
20
10
10
10
10
20
0
0
10
0
20
20
20
10
0
10
30
20
4
9
6
16
9
0
20
0
10
10
5
20
10
0
10
0
10
10
10
0
10
40
10
10
10
30
20
0
0
20
20
10
8
10
3
20
0
4
9
10
0
10
0
10
0
20
20
10
10
20
0
10
10
20
0
0
0
10
20
0
10
0
12
5
0
30
10
0
20
0
10
10
10
0
4
9
21
7
11
0
0
10
10
10
0
0
0
10
10
0
10
4
6
10
20
11
10
70
70
0
10
10
