10
10
10
0
0
0
0
0
10
10
30
9
6
4
11
0
10
10
0
10
2
0
20
10
30
10
1
0
0
0
10
0
0
10
0
10
0
0
0
10
10
0
0
0
0
0
0
0
20
10
0
11
1
0
10
10
10
10
0
0
0
0
10
0
10
10
0
10
0
0
10
10
10
10
10
10
0
10
10
10
4
4
0
10
10
0
10
0
10
10
0
0
0
10
0
0
10
10
10
10
0
0
0
0
0
10
10
10
10
0
0
10
2
2
0
10
0
0
0
0
0
7
20
3
0
0
0
10
0
0
0
10
10
0
10
10
0
0
20
10
10
10
10
10
4
10
0
0
0
0
10
10
0
0
0
0
0
10
10
10
0
0
0
10
10
0
0
10
10
0
0
0
0
0
10
3
0
10
0
3
1
3
10
0
2
10
3
10
2
10
10
0
0
10
0
0
0
0
11
30
0
0
10
10
1
0
20
0
0
0
0
0
10
4
0
10
0
0
2
2
8
1
10
0
0
10
10
0
0
0
10
10
10
0
10
20
10
0
30
0
10
10
30
0
0
0
0
0
10
10
0
0
10
0
10
0
0
0
0
0
20
20
0
2
3
23
2
2
2
0
3
3
0
0
0
10
10
0
10
0
0
10
0
10
0
10
10
10
10
0
0
10
0
0
0
10
0
0
10
0
0
10
30
5
10
20
10
0
4
2
1
4
0
0
0
0
0
0
0
0
10
10
10
0
10
0
1
4
10
0
0
0
0
0
10
0
0
0
0
10
0
7
10
0
10
0
0
0
12
20
10
0
10
0
20
2
5
10
0
10
0
11
0
0
5
0
0
20
0
0
10
10
0
0
0
0
10
10
0
0
3
2
1
5
4
10
10
3
4
1
0
0
0
10
0
10
0
10
10
10
10
0
0
10
0
20
4
2
10
10
0
0
0
0
0
10
0
20
0
0
0
0
10
0
10
10
10
0
0
0
0
0
0
0
0
10
4
2
2
1
10
2
3
10
0
10
0
0
0
0
0
0
0
10
0
0
0
0
0
10
0
0
0
0
0
0
0
10
2
13
0
0
10
0
2
0
10
10
0
0
30
30
5
2
1
0
0
0
10
0
0
0
10
10
0
0
21
0
4
0
0
10
0
10
0
0
0
0
10
0
10
0
0
10
0
2
10
0
10
0
0
20
10
10
10
5
4
4
4
4
0
10
0
10
0
0
10
20
10
0
0
0
10
0
0
10
10
0
10
40
0
10
40
0
0
0
6
2
0
0
10
0
0
10
20
0
10
0
0
10
0
0
0
0
10
0
3
3
39
0
20
0
2
0
0
10
10
1
5
0
0
0
10
10
0
0
10
0
30
30
0
10
0
10
10
20
20
10
8
2
0
10
0
10
0
20
0
0
10
0
0
10
0
10
0
20
0
20
10
0
30
0
0
10
20
0
10
2
0
11
0
10
0
9
2
10
0
10
0
10
10
0
0
10
10
6
2
15
1
2
0
0
0
0
10
10
0
0
0
0
10
10
0
50
10
2
2
0
10
10
0
0
10
0
0
10
0
0
0
0
10
20
20
0
0
0
10
20
5
9
5
3
3
0
0
0
0
0
2
10
0
20
0
0
0
0
20
10
10
0
0
0
10
0
0
0
0
0
2
2
10
0
3
20
10
2
4
0
10
0
10
0
0
0
0
10
0
20
20
0
21
0
10
0
30
0
10
0
0
10
4
2
10
10
0
0
10
10
0
0
0
20
5
9
2
4
1
0
0
0
10
0
0
10
0
0
0
10
10
2
6
0
10
0
20
10
0
10
0
30
