10
0
10
10
11
0
0
10
10
10
0
0
0
0
10
10
10
10
10
2
1
0
10
10
10
0
10
0
10
0
0
0
0
0
4
0
10
0
0
0
10
0
10
10
10
0
10
0
0
10
0
2
0
10
0
10
0
10
3
0
0
0
0
10
10
0
10
10
0
0
2
0
0
0
0
20
2
10
20
0
10
10
0
10
10
10
0
0
2
0
10
5
0
4
0
4
3
4
7
6
3
2
10
10
0
10
2
10
3
0
0
10
0
0
0
0
10
0
0
10
10
0
0
0
0
1
6
0
10
10
10
0
10
10
0
10
0
10
0
0
10
0
0
10
10
2
10
0
10
0
4
10
0
10
0
0
10
0
0
3
0
0
2
0
0
10
1
0
46
8
0
10
0
0
0
10
10
0
10
3
0
1
24
1
0
0
10
10
0
2
0
0
0
10
0
0
0
0
0
10
0
10
3
0
0
5
10
10
0
0
0
0
0
0
0
0
20
0
0
2
0
0
0
0
0
0
1
10
0
10
0
0
10
0
0
2
2
0
0
0
10
0
0
0
10
10
0
3
20
2
2
10
3
8
0
0
10
2
10
0
0
0
0
0
0
0
10
10
1
0
0
2
0
0
0
4
0
0
0
0
10
0
0
10
0
0
0
0
10
2
10
10
0
10
11
10
0
10
0
0
0
10
0
0
10
10
11
0
0
0
10
10
6
2
1
2
2
0
5
0
0
10
4
0
0
20
10
10
0
0
0
0
0
0
0
3
0
0
10
10
3
0
0
3
10
1
0
0
0
10
0
0
0
0
0
0
0
10
0
10
10
2
10
0
10
0
10
0
10
0
0
10
20
10
0
10
10
1
10
0
0
10
0
0
0
5
0
0
3
2
10
3
2
10
3
10
0
10
10
10
10
0
10
0
0
10
0
0
0
0
0
10
2
2
0
0
0
0
0
10
10
0
0
10
10
2
10
6
0
10
0
0
0
10
10
10
1
20
10
10
2
0
0
0
20
10
0
0
0
0
0
0
0
0
10
10
8
10
0
6
0
2
10
20
10
0
10
10
0
10
0
2
20
10
3
1
3
2
10
10
20
10
10
10
0
10
2
0
20
0
0
10
20
10
10
10
0
0
0
1
0
3
0
0
10
0
0
0
0
20
0
10
0
0
0
0
10
0
7
10
2
0
10
0
0
10
0
0
10
0
20
0
20
0
10
10
0
2
2
0
2
0
1
3
2
0
0
0
0
0
0
0
10
10
10
10
0
10
0
0
0
0
10
0
0
0
10
0
10
0
1
10
0
24
10
0
10
0
0
0
10
10
0
0
10
10
10
0
0
10
0
4
10
10
0
10
0
0
10
6
1
0
1
10
6
2
11
20
0
0
0
10
10
10
0
0
0
0
0
0
0
3
10
0
10
36
20
0
10
0
0
10
0
0
10
20
0
10
0
0
0
2
13
0
10
0
10
0
0
20
10
0
0
0
10
10
10
0
0
0
10
11
2
0
0
10
3
2
6
0
0
0
0
0
10
0
0
0
10
10
0
10
20
0
0
0
0
10
0
0
0
0
10
2
0
10
10
0
0
10
10
10
0
0
0
0
0
0
0
4
1
10
0
10
10
0
0
10
0
