30
10
10
0
7
20
0
10
10
0
10
10
10
10
0
10
0
10
10
9
7
10
10
0
0
0
10
40
10
10
10
10
10
10
8
10
10
0
10
10
0
10
0
10
10
10
10
0
10
10
10
8
10
10
10
10
10
0
6
10
10
10
10
0
0
10
20
20
0
30
8
10
20
10
20
0
8
10
0
10
10
10
20
10
30
0
50
10
7
10
0
13
10
10
0
19
9
8
10
6
10
7
10
0
10
10
6
0
7
0
10
0
0
10
20
10
10
20
10
0
10
10
20
0
10
12
8
10
10
10
0
10
0
10
10
12
10
0
10
10
20
10
10
0
0
8
0
10
10
20
14
0
10
0
10
20
10
40
10
11
10
10
10
10
10
0
10
21
8
20
10
0
10
10
10
0
0
10
10
6
10
6
16
30
10
10
20
10
10
6
10
10
10
10
10
10
10
10
10
0
10
10
9
10
10
13
0
10
0
10
30
21
10
10
10
10
30
10
10
6
10
10
10
10
10
10
7
30
10
10
50
10
10
10
10
21
10
10
10
10
8
10
10
10
0
10
10
7
0
6
6
0
8
12
10
10
0
9
0
0
10
10
10
10
10
10
0
0
6
0
10
9
0
10
10
9
10
11
10
10
10
10
10
10
10
0
0
0
10
10
0
10
0
10
9
10
10
0
0
10
10
10
10
10
10
10
7
0
10
10
0
0
9
12
36
6
9
10
8
10
10
0
14
10
10
10
0
0
20
10
20
10
10
0
10
7
30
10
30
20
7
6
10
9
10
6
20
20
0
10
10
10
12
10
0
10
20
0
10
0
10
8
10
10
10
10
10
10
0
10
10
0
0
0
10
10
10
14
0
10
10
10
10
10
10
6
10
10
6
6
10
8
8
10
20
0
10
0
0
10
0
10
10
0
10
10
10
10
10
20
20
0
11
6
0
10
10
10
20
10
10
10
10
0
0
16
10
8
10
10
10
10
10
0
10
10
7
10
10
10
9
10
10
70
10
10
10
0
0
0
10
10
0
10
0
0
8
0
10
8
10
21
10
10
10
10
0
10
10
11
10
13
20
6
16
6
15
12
0
10
20
10
0
10
0
0
15
10
0
10
20
0
0
0
0
0
10
0
0
12
10
16
10
10
10
10
0
10
10
0
10
10
10
40
10
40
10
0
7
10
6
10
10
10
10
0
10
0
10
0
10
10
10
10
10
0
0
19
8
10
6
10
44
15
6
10
10
0
10
10
10
10
30
10
0
0
10
10
0
10
10
10
20
10
10
10
20
10
0
10
8
10
10
10
10
10
20
10
10
10
0
0
40
10
10
10
0
10
0
0
10
6
10
10
10
10
0
20
10
8
6
10
7
0
11
6
6
19
0
10
10
10
0
0
10
10
10
10
10
50
10
6
0
10
10
10
30
10
10
10
10
0
10
10
0
10
10
0
0
10
10
6
6
10
30
10
0
10
10
10
0
10
10
10
10
0
0
10
10
10
10
20
6
20
10
0
7
14
7
0
10
10
10
10
0
0
10
10
6
10
10
0
10
10
20
10
0
8
10
10
10
10
10
9
10
10
0
10
10
10
10
10
10
10
10
10
10
10
0
7
10
10
10
0
10
10
10
10
10
