316
10
20
10
9
0
10
0
0
0
10
10
0
10
0
0
0
0
0
5
15
10
10
20
10
0
10
0
0
10
10
0
0
0
6
10
0
0
0
0
0
10
0
0
10
10
10
0
0
10
0
4
10
10
0
10
0
0
5
10
0
10
0
10
10
10
0
20
0
40
4
0
0
10
10
0
7
0
10
10
0
0
0
0
10
0
0
10
4
0
0
3
10
4
0
3
9
8
7
4
5
7
10
0
0
0
4
0
4
10
0
20
0
10
10
10
10
10
10
0
10
0
10
0
10
4
4
10
10
10
0
10
0
560
20
10
10
0
10
0
0
10
0
0
0
3
0
0
0
10
3
10
10
0
10
0
10
10
20
5
0
10
3
10
10
0
5
20
8
20
0
0
10
0
0
0
0
0
0
4
10
5
6
4
0
0
10
0
10
5
10
0
10
0
10
0
0
0
10
3
0
0
4
10
0
3
0
0
0
0
0
10
0
0
0
10
20
0
10
9
10
0
10
0
0
10
14
10
10
10
10
10
10
10
0
0
5
0
10
0
4
0
10
0
10
0
0
6
0
4
4
0
9
12
0
10
10
4
10
0
10
0
0
10
10
10
10
10
4
0
10
11
0
10
10
13
0
14
10
0
10
10
10
0
10
0
0
10
20
4
4
10
0
0
3
10
0
0
0
10
0
0
10
0
0
10
13
0
60
0
10
10
5
5
7
5
3
10
18
0
10
0
10
10
10
0
10
0
0
0
10
10
10
0
0
13
0
10
0
10
4
12
10
3
0
5
10
10
10
0
10
0
10
10
0
10
0
10
0
10
0
3
10
10
0
0
10
0
10
0
0
10
10
0
10
10
10
10
0
10
10
10
0
10
0
5
0
10
4
4
10
12
18
20
12
0
0
30
0
10
10
0
0
0
20
10
0
10
0
10
10
0
5
15
0
10
0
10
10
10
10
0
10
0
0
20
0
5
0
0
0
10
10
0
0
0
5
245
10
10
11
30
30
60
20
0
10
0
0
40
10
10
20
10
10
0
13
10
10
4
0
0
3
10
10
10
0
0
0
0
0
6
0
4
3
16
12
3
10
0
10
0
0
10
0
0
7
0
0
0
10
0
0
10
0
0
10
0
10
7
10
8
0
0
10
10
10
10
0
10
10
10
10
0
10
10
20
10
3
30
11
10
10
10
0
10
0
0
10
30
10
10
10
10
0
10
0
4
4
10
8
0
5
3
6
0
10
0
10
0
10
10
0
10
10
10
0
0
11
0
0
0
10
40
10
0
20
0
0
0
4
0
0
10
10
10
10
10
0
0
0
11
20
10
10
10
0
10
10
0
0
5
0
10
10
10
0
10
10
4
5
0
4
0
6
5
3
4
10
10
40
0
10
0
0
0
0
0
10
10
10
5
0
0
0
4
10
10
10
10
10
0
10
10
0
10
10
40
0
10
10
5
3
0
10
10
0
10
0
10
40
0
0
0
10
10
0
10
0
11
0
0
5
0
0
10
9
6
12
10
0
10
10
10
10
0
10
0
7
10
0
0
20
10
10
10
0
4
10
0
10
10
0
6
10
10
10
10
0
10
10
30
10
10
0
0
10
0
10
3
4
0
10
0
0
0
10
20
10
