10
10
10
10
10
10
10
10
20
10
10
30
40
10
10
0
10
10
0
10
10
10
0
0
10
20
20
0
0
10
0
0
0
0
0
0
10
0
0
10
10
30
0
20
0
0
0
10
0
0
4
4
10
30
20
0
0
10
0
4
10
5
4
8
0
3
5
0
20
0
0
10
20
10
0
0
3
23
30
10
10
10
10
10
10
10
21
0
10
0
11
5
1
10
10
0
0
0
0
0
10
2
4
10
10
41
7
1
0
0
10
0
0
10
6
4
3
3
4
2
20
3
30
0
0
20
0
0
10
0
0
10
0
10
10
10
10
10
10
10
0
0
0
0
0
10
0
0
0
10
10
20
10
0
10
4
3
10
10
0
0
10
10
0
0
0
0
20
0
4
5
3
3
0
0
0
20
10
0
0
0
10
10
0
4
2
0
0
10
0
10
10
10
0
0
10
10
10
0
0
10
10
0
10
0
10
10
0
10
10
10
0
10
10
10
10
10
20
0
10
2
5
0
4
4
3
4
6
3
4
1
7
4
0
0
0
0
0
10
20
4
4
4
4
4
4
2
11
10
0
10
0
0
10
0
20
10
10
0
0
20
20
0
20
10
10
10
10
10
20
20
0
0
10
0
10
10
0
0
10
10
20
0
0
0
10
20
10
0
10
0
0
0
7
3
2
2
0
1
2
0
0
5
1
4
2
2
4
4
3
0
40
10
10
0
0
10
20
0
0
0
0
10
0
0
30
30
10
4
5
16
1
7
2
1
3
60
64
2
3
2
11
0
0
10
0
10
20
20
10
0
20
30
20
30
30
10
4
0
11
30
0
0
0
0
2
1
1
2
3
10
10
10
0
0
40
0
11
6
0
4
10
4
20
0
10
20
10
0
0
0
0
10
10
20
10
10
0
0
82
5
5
5
4
3
4
10
0
20
0
10
30
30
20
0
0
0
10
10
20
20
10
0
10
10
40
0
10
30
0
50
9
0
0
0
10
0
11
10
0
0
0
0
0
0
10
10
0
10
0
10
0
10
0
2
4
2
0
0
0
0
0
0
0
10
0
20
10
10
11
20
0
10
0
10
6
0
2
2
2
3
3
3
3
6
10
10
0
0
0
20
10
0
0
20
20
20
0
0
10
0
0
0
10
0
0
10
0
10
10
10
0
10
0
10
30
10
10
0
10
8
8
0
0
0
10
3
15
3
5
2
0
20
10
31
3
5
2
2
3
0
10
10
10
0
0
2
1
3
2
1
0
20
0
20
0
0
10
10
0
10
10
10
0
0
10
0
0
0
10
0
10
0
0
8
0
10
10
20
0
10
0
0
0
0
0
20
0
0
10
13
3
2
1
3
7
7
2
1
10
0
20
0
0
10
0
10
0
10
0
10
2
5
2
3
6
10
0
3
3
4
2
8
21
2
4
3
10
10
10
4
3
0
0
10
10
0
0
10
4
20
20
20
20
0
0
0
10
2
20
20
10
0
10
10
0
10
0
10
0
0
0
0
10
0
10
0
30
0
0
10
10
10
0
0
10
0
0
0
0
0
0
22
10
0
10
0
0
10
10
10
10
0
0
0
10
0
0
20
6
1
2
0
10
10
0
0
3
2
2
3
50
10
10
0
0
0
10
10
0
10
10
10
10
10
30
30
0
0
0
0
0
1
2
11
4
20
10
0
0
0
0
0
0
10
20
10
0
10
30
10
0
40
40
40
10
0
20
20
0
20
0
0
10
0
10
0
0
0
10
0
0
0
0
0
12
0
20
51
0
20
1
3
5
7
0
0
2
0
0
20
3
3
4
30
0
20
30
10
0
