0
0
10
10
10
10
10
10
20
0
0
0
20
10
10
0
0
10
0
40
40
40
10
0
0
0
0
0
0
10
0
10
10
0
1
0
10
20
20
20
20
0
0
10
0
10
10
10
0
0
3
3
20
0
0
0
0
0
0
2
1
2
2
3
0
1
3
0
10
0
10
0
0
0
0
0
5
3
3
0
0
10
10
0
11
21
10
10
0
10
10
2
5
0
0
6
10
0
0
0
0
9
3
10
6
10
2
10
0
0
0
0
0
0
2
2
3
4
19
3
0
4
10
0
0
0
30
20
0
0
10
10
10
0
10
0
10
0
0
0
0
0
10
10
10
20
0
10
0
0
0
0
16
0
0
2
2
10
0
0
0
0
0
0
0
10
10
20
0
2
3
3
7
0
0
10
0
0
0
0
10
20
0
10
3
1
0
0
0
0
10
0
0
0
0
0
0
0
10
0
0
0
0
10
10
0
0
10
0
0
10
0
0
20
0
10
0
10
10
3
2
1
0
2
1
1
2
2
15
41
42
1
1
0
0
0
10
10
0
10
2
2
6
6
2
8
17
1
0
0
0
10
10
20
20
10
10
10
0
0
0
20
0
0
0
0
0
0
0
0
0
0
0
0
0
0
0
0
0
0
0
0
10
0
0
0
0
0
0
10
0
0
0
6
2
3
2
0
2
2
0
10
1
9
4
2
3
2
1
1
0
50
0
0
0
0
0
0
0
0
0
10
0
0
20
20
20
20
2
2
1
4
3
2
2
1
7
7
7
1
2
0
10
10
0
0
0
10
0
0
20
0
0
0
0
0
10
2
0
0
10
0
10
0
1
2
1
4
2
5
0
0
0
0
10
10
0
2
2
0
2
5
10
10
0
0
0
0
0
0
10
20
0
0
10
0
0
0
10
2
5
5
5
4
4
4
0
0
0
0
0
20
30
20
10
0
0
0
0
0
20
20
0
10
0
0
10
0
10
10
0
1
0
0
0
0
10
0
0
0
30
0
10
0
0
0
10
0
20
10
0
0
0
0
3
3
1
10
0
0
0
10
10
0
30
0
0
0
11
0
0
10
10
0
0
2
0
4
4
0
5
5
5
5
3
20
0
41
0
10
10
10
0
0
10
10
10
0
0
0
0
10
0
0
0
10
0
0
0
0
10
0
0
0
10
0
10
0
0
0
4
4
10
10
10
0
7
6
5
6
2
0
0
4
6
6
5
1
1
1
10
0
2
5
0
20
2
2
3
4
0
0
0
0
10
0
0
0
0
10
0
10
10
0
0
0
10
10
10
0
0
10
0
0
0
20
0
0
10
0
0
0
0
10
0
30
41
0
0
10
2
2
2
2
27
2
16
3
10
0
0
10
0
0
10
0
0
10
0
10
0
3
2
3
5
1
0
10
7
1
2
2
3
2
2
1
4
30
0
0
2
1
0
10
0
0
10
0
30
4
10
0
0
0
0
10
10
10
6
0
0
0
10
0
0
0
0
10
0
0
0
0
11
0
0
0
0
0
10
0
0
10
10
10
0
10
0
10
10
0
10
0
0
0
10
0
0
10
0
0
0
0
20
10
0
0
0
30
10
1
14
2
10
0
0
0
0
2
1
4
2
0
0
0
0
0
0
10
20
0
0
0
0
0
0
0
10
10
0
10
10
10
2
2
1
3
10
0
0
0
0
10
0
20
23
10
0
30
0
0
0
10
0
0
0
10
0
0
0
10
10
10
10
10
0
20
20
0
30
10
0
0
10
20
10
1
20
20
20
0
20
5
6
5
6
0
0
2
0
0
0
3
5
3
0
10
20
20
0
20
