10
10
0
10
10
10
10
10
0
0
0
0
20
30
10
10
0
0
0
0
0
0
20
30
0
10
10
0
0
0
10
0
0
0
0
0
10
40
20
20
20
20
0
10
10
10
0
0
10
10
5
1
20
0
0
0
0
0
0
5
1
7
6
7
0
4
3
20
0
0
0
10
0
0
10
0
3
2
3
10
10
10
10
21
10
0
0
20
0
0
0
1
2
10
0
1
0
0
0
0
0
2
2
0
10
3
9
3
0
0
0
10
0
0
6
1
1
5
1
1
10
4
0
10
0
10
10
0
10
0
10
0
0
10
0
0
20
0
0
0
10
10
0
0
0
10
0
0
10
0
0
16
5
0
0
1
2
0
0
0
0
10
10
0
0
10
0
0
10
1
1
4
3
0
0
0
0
0
0
0
0
30
0
1
2
2
10
20
10
0
10
0
0
0
0
10
0
0
0
0
10
0
0
0
0
0
0
10
10
0
0
10
10
10
10
0
10
0
0
3
2
2
0
4
1
5
3
6
2
4
5
4
4
20
10
0
20
0
10
0
10
10
5
5
10
13
9
10
10
0
10
10
20
0
10
0
10
0
0
0
0
0
0
0
30
30
0
10
10
0
10
0
0
0
0
10
0
0
0
0
0
0
0
0
10
10
0
0
0
0
0
0
0
1
2
3
3
0
9
6
10
0
1
4
2
2
5
1
3
5
20
0
20
0
0
0
0
10
10
0
0
0
21
0
40
20
20
80
1
1
4
7
1
1
2
2
1
1
1
1
2
10
0
10
0
10
0
20
0
0
10
0
10
10
10
10
20
2
0
0
20
0
0
0
4
1
4
1
1
6
30
10
10
10
20
0
15
4
4
0
2
10
1
0
10
10
10
0
10
10
0
10
0
0
0
0
0
10
10
1
2
3
3
4
5
6
0
0
10
0
10
10
30
10
10
0
0
0
10
0
30
30
0
0
10
10
0
0
0
0
10
1
10
0
10
0
0
0
10
20
10
0
0
0
10
0
0
20
10
0
0
0
0
30
4
12
4
0
10
10
10
0
0
0
0
10
0
10
0
0
0
0
20
10
0
5
0
1
3
0
6
6
6
6
3
20
10
10
0
0
0
10
0
0
0
10
10
20
0
0
10
0
10
10
20
0
0
0
0
0
0
0
0
10
0
20
30
20
0
0
2
2
20
30
30
0
2
3
5
4
5
0
0
2
3
2
4
0
1
2
0
10
4
1
0
0
11
1
2
3
0
10
0
20
0
0
0
0
0
0
10
30
30
21
31
0
10
0
0
0
0
0
0
10
10
0
10
0
0
10
0
0
0
0
0
0
20
0
0
0
1
2
2
2
5
5
5
8
0
0
0
0
13
0
0
10
0
0
10
0
0
0
13
1
2
1
0
0
22
4
27
2
3
3
10
3
2
0
0
10
2
2
10
10
0
20
0
10
29
13
0
0
0
0
10
11
0
0
1
10
0
10
0
0
0
10
10
0
0
0
0
10
1
10
10
0
0
0
20
10
0
0
0
0
10
0
0
0
0
0
0
0
0
0
0
0
0
0
0
0
0
0
20
10
0
0
0
0
0
4
1
2
10
0
0
10
0
2
5
1
7
0
10
10
0
10
0
0
10
0
0
0
0
0
0
0
0
0
0
0
0
7
2
2
2
8
0
0
0
0
0
0
10
20
3
30
0
20
0
0
0
20
0
0
0
0
10
0
0
0
0
0
0
0
10
30
20
10
10
10
0
0
0
0
0
2
0
0
0
10
20
2
3
5
1
0
10
2
0
0
0
3
3
2
0
0
30
20
20
0
