0
0
0
0
0
0
0
0
10
0
10
40
30
30
0
20
10
20
20
0
0
10
2
4
2
5
20
30
30
30
30
8
7
0
20
0
30
0
0
20
0
10
10
0
30
10
0
0
30
0
0
0
0
0
0
10
0
0
0
0
0
20
0
0
10
0
0
0
20
40
20
10
0
10
0
0
0
10
0
2
0
0
0
10
0
0
10
10
0
0
10
20
10
10
20
10
0
20
0
0
0
20
30
0
0
0
10
20
3
4
2
6
6
4
10
0
0
10
10
0
0
0
10
20
10
10
10
0
10
10
0
0
2
10
0
10
0
10
0
0
20
10
0
0
0
10
20
0
0
0
0
10
0
0
10
10
0
0
20
0
0
0
0
10
10
10
10
23
5
2
3
2
1
0
0
10
3
1
5
3
10
0
7
2
6
10
0
0
13
0
0
0
2
7
0
10
0
10
10
6
9
0
0
0
0
0
0
0
0
0
10
0
0
11
0
20
0
2
3
6
1
0
10
10
10
10
5
3
1
5
0
0
0
0
0
0
20
0
0
0
5
5
5
5
5
5
5
21
0
0
20
0
0
10
10
0
10
10
0
0
0
11
10
10
30
20
0
10
0
0
10
5
2
1
1
1
80
0
0
0
0
10
0
5
10
20
0
0
0
10
10
0
10
10
10
10
1
2
1
1
0
0
0
0
0
0
0
0
10
0
0
0
10
0
10
0
0
0
10
10
10
10
10
10
10
10
10
10
0
0
10
0
30
20
0
0
10
0
0
20
0
50
0
0
10
20
0
0
0
0
10
0
0
2
0
0
0
20
0
10
0
0
21
10
0
10
0
20
10
0
0
0
0
0
10
0
0
0
10
20
0
10
20
0
20
20
10
0
0
10
30
10
10
20
0
0
10
0
0
10
0
0
0
0
0
0
0
0
0
0
0
0
10
30
0
0
0
30
0
20
0
10
10
10
30
20
10
10
0
11
1
5
3
0
0
10
10
10
20
0
0
0
20
10
10
0
0
0
20
10
0
0
0
10
0
0
0
0
0
0
10
10
10
0
0
0
0
10
0
10
2
1
6
18
1
4
6
6
1
1
0
0
0
0
0
0
0
50
10
30
0
20
0
20
10
10
10
0
0
10
10
10
0
0
20
10
0
0
20
20
10
10
10
0
0
10
0
0
0
0
0
10
2
1
1
0
10
40
0
20
0
10
10
0
0
20
0
10
30
0
20
10
10
0
10
0
0
0
0
0
10
0
0
10
10
30
10
10
10
0
10
0
0
0
0
0
10
10
10
0
0
10
10
0
0
0
0
10
10
0
40
0
0
0
0
0
10
0
10
0
10
0
0
0
0
10
0
0
0
0
0
0
0
20
4
2
6
1
0
10
0
0
0
10
0
10
0
0
2
1
4
2
2
4
2
0
0
0
10
20
0
0
0
20
0
10
0
0
0
0
10
10
10
10
10
10
10
10
0
0
10
0
0
20
10
10
0
0
0
10
10
0
10
0
0
10
0
0
0
10
10
10
0
0
0
0
2
2
10
0
10
0
10
0
0
10
10
0
20
0
0
10
10
11
0
10
10
9
3
0
0
0
0
0
10
10
0
0
0
10
0
10
10
0
0
0
0
0
0
0
4
4
4
4
4
7
8
8
0
0
0
0
0
20
20
20
30
0
0
0
0
50
0
0
0
20
0
0
0
0
0
0
10
20
3
3
3
4
2
10
10
0
10
0
0
0
10
10
0
0
0
20
10
0
20
0
0
11
3
20
0
0
20
10
0
0
30
0
0
0
0
0
10
0
0
0
10
0
10
0
