8
30
0
0
10
0
0
0
0
40
0
0
0
0
0
0
0
0
0
0
0
30
0
2
6
10
10
10
10
0
0
10
0
10
0
0
2
2
6
0
20
0
10
0
20
10
10
0
10
20
0
10
0
10
0
13
10
10
0
10
0
0
0
0
0
0
10
10
0
0
30
3
5
7
0
0
20
0
0
0
10
0
3
2
0
10
0
0
0
0
0
10
20
0
0
10
10
0
20
2
0
10
0
0
0
10
0
0
0
20
20
10
6
4
20
130
0
0
20
2
3
0
20
0
10
0
4
4
10
20
0
0
0
20
0
20
0
0
0
20
10
0
10
10
0
0
10
10
0
0
4
0
10
0
0
10
0
0
0
0
0
0
0
4
5
2
1
2
2
2
0
0
0
0
20
10
0
0
0
2
10
30
0
0
40
30
0
0
0
10
10
0
0
10
10
0
10
10
0
0
3
2
0
0
10
0
2
3
0
10
0
5
2
0
0
0
0
0
10
0
10
0
10
0
10
10
0
0
20
0
0
0
0
0
10
0
0
10
20
10
0
2
6
2
0
1
3
30
10
0
10
10
10
10
0
0
0
0
0
0
0
0
10
0
0
0
0
0
0
0
0
0
2
4
2
10
0
0
30
10
0
30
0
0
6
2
2
9
20
2
0
0
0
0
10
0
0
0
0
0
0
10
10
0
0
0
1
2
10
10
0
0
0
0
0
0
0
10
0
0
30
20
0
10
0
0
0
0
0
10
10
0
10
2
2
2
3
7
0
10
0
10
2
5
10
10
0
10
0
10
20
0
0
10
10
10
0
0
0
10
0
0
0
0
0
10
0
0
0
10
20
10
0
0
10
2
2
0
10
10
0
0
0
0
0
0
0
10
0
0
0
0
0
10
0
0
0
0
0
0
0
0
0
0
10
0
0
0
2
0
10
0
0
20
4
5
6
39
3
0
0
0
0
0
10
0
0
10
10
0
0
0
0
0
10
10
0
0
0
0
0
2
0
0
0
0
0
13
0
0
0
0
0
2
0
0
0
1
10
10
0
0
20
0
10
0
10
0
0
6
0
0
20
10
20
10
0
0
0
20
0
0
0
0
0
0
10
10
10
0
0
10
30
0
5
10
0
0
0
0
0
2
2
10
0
0
30
0
0
0
0
0
0
0
10
0
0
0
0
0
20
10
30
0
10
10
0
0
0
60
10
0
0
10
10
0
0
4
1
4
2
11
7
4
2
10
20
0
10
0
10
10
0
10
10
0
0
0
0
10
10
20
0
10
0
0
10
0
10
0
10
0
0
10
10
0
0
0
7
2
0
0
10
0
0
0
10
10
0
0
4
3
10
10
0
10
0
0
0
0
10
0
0
10
8
1
30
0
10
0
0
0
10
0
10
0
2
2
10
20
10
0
0
0
0
0
0
0
41
0
20
0
10
2
2
10
0
0
10
10
0
0
10
0
20
0
3
4
0
0
20
10
0
0
10
0
0
0
0
10
10
0
10
0
0
0
10
0
2
0
0
0
0
0
0
10
10
0
10
0
0
0
0
0
0
10
0
7
16
3
1
5
0
0
0
0
0
0
0
0
0
0
0
11
10
10
30
0
0
0
10
10
0
10
0
0
10
20
0
10
0
0
0
10
0
3
0
0
2
12
0
0
0
0
10
20
10
10
0
0
0
10
0
10
0
0
10
0
0
0
0
0
0
0
0
10
10
0
10
0
10
0
20
5
3
0
30
0
10
0
0
0
10
0
0
0
0
10
0
0
10
0
10
0
0
0
10
10
0
0
10
10
10
0
4
1
0
0
0
0
10
0
10
10
10
0
0
0
10
0
10
30
0
2
3
0
0
10
0
0
10
0
0
2
1
0
10
10
0
10
20
10
10
0
0
0
10
10
10
0
0
0
42
10
30
10
37
2
80
10
10
10
10
0
10
10
10
0
10
0
0
0
10
2
20
10
0
0
10
10
20
0
0
0
5
7
7
1
0
20
0
10
0
0
10
0
10
10
10
0
10
10
10
0
0
0
0
20
0
0
0
20
0
20
0
10
40
2
0
0
9
10
0
0
10
0
30
0
3
0
0
0
10
0
10
10
0
10
10
0
0
0
0
10
0
0
0
0
0
0
0
0
0
10
0
20
10
10
0
20
0
0
0
10
0
0
0
0
0
10
10
0
3
4
0
10
0
0
0
0
0
10
0
10
0
0
0
0
0
0
0
0
10
10
0
10
0
0
10
0
0
0
0
0
3
0
0
0
0
0
0
20
0
0
0
0
0
0
2
3
30
0
0
30
0
0
10
0
0
0
0
0
0
10
0
1
10
0
0
10
10
20
0
0
40
0
0
10
10
0
0
11
0
10
0
10
2
2
2
0
10
0
0
10
0
0
0
0
0
10
2
22
10
0
10
20
0
0
0
0
0
0
0
0
0
0
10
0
10
0
0
0
0
20
10
0
0
0
2
4
0
20
10
10
10
0
10
0
0
0
0
0
10
10
10
0
10
0
10
0
0
0
10
0
0
0
0
10
0
0
0
1
3
5
4
2
0
10
0
10
0
0
10
0
0
0
0
0
0
0
10
10
0
0
0
0
0
10
0
0
10
0
10
20
10
0
0
2
0
0
0
10
0
0
0
10
1
3
3
13
4
0
0
0
0
10
0
10
10
0
10
10
0
40
10
0
2
2
0
0
0
0
0
0
10
10
0
0
0
0
0
0
0
10
30
0
0
0
0
0
2
3
7
0
10
0
0
10
0
0
10
10
10
0
0
30
0
0
0
0
2
1
10
0
10
0
0
0
0
0
0
0
0
10
0
10
0
0
0
0
0
10
0
0
0
10
0
10
10
2
2
8
1
4
10
20
10
0
10
0
10
0
10
0
20
0
0
10
20
0
0
0
10
0
10
0
0
10
0
0
0
0
0
2
2
0
10
0
0
10
0
0
10
2
0
10
0
17
10
0
2
4
0
0
10
10
0
0
10
0
0
10
0
4
13
0
10
10
4
10
5
23
10
20
0
10
10
0
10
10
0
0
0
5
2
0
10
10
0
0
10
0
0
