22
4
0
0
0
0
0
0
10
10
0
10
10
0
0
0
10
10
0
10
10
10
0
6
4
0
0
0
0
10
0
0
0
0
10
0
3
1
7
22
0
0
0
0
0
0
0
10
0
10
10
0
10
0
10
1
0
0
10
0
0
10
0
0
0
20
0
0
10
10
20
4
3
3
0
0
10
10
0
10
0
0
1
1
0
0
0
10
0
10
10
0
20
10
0
0
0
0
0
2
0
10
10
0
10
0
0
0
10
20
20
8
2
1
0
80
120
20
20
11
10
13
20
10
0
0
1
8
0
40
10
0
20
0
0
10
10
0
10
30
0
10
0
0
0
10
0
0
10
0
4
0
0
10
10
0
0
0
20
10
0
0
0
6
36
1
2
2
2
2
10
0
10
0
20
0
0
20
10
2
0
0
0
30
0
20
10
0
0
10
0
0
10
0
0
20
20
0
0
0
2
0
10
0
10
0
1
2
0
0
10
5
3
0
0
10
0
0
0
10
0
0
0
0
0
0
10
0
0
10
20
0
10
0
0
10
0
0
20
30
0
19
1
3
0
2
3
0
0
10
0
0
0
0
0
10
10
0
10
10
10
10
0
0
10
0
0
10
10
0
10
0
21
23
1
40
0
10
30
0
0
0
10
10
3
3
1
3
3
3
10
0
0
10
5
0
0
10
10
0
10
0
0
0
0
0
7
11
0
0
0
0
0
0
0
0
0
0
0
0
0
10
10
0
0
10
10
0
10
0
0
20
10
2
8
5
1
3
0
10
0
0
4
4
0
0
0
0
0
0
20
0
0
0
0
0
20
0
10
10
0
10
0
10
0
0
20
10
0
10
20
0
10
20
0
2
3
0
0
0
0
0
10
0
10
10
20
0
10
0
0
10
10
0
11
10
0
10
0
0
0
10
10
0
0
0
0
0
4
0
0
10
10
10
1
8
3
3
4
0
10
0
0
0
0
10
10
10
0
10
0
0
10
10
0
0
0
10
0
0
30
2
10
20
20
10
10
4
10
0
0
10
0
3
0
10
10
2
0
0
10
20
20
10
0
10
0
10
0
1
10
10
20
10
2
0
10
0
0
0
10
0
10
0
10
10
0
0
0
0
0
0
0
0
1
0
0
20
10
0
10
2
8
0
0
20
10
0
0
10
0
10
0
0
0
0
0
0
0
20
20
0
0
0
0
0
0
0
0
0
0
10
0
10
0
0
0
2
2
5
3
2
21
3
1
0
30
0
0
10
0
0
10
0
0
0
0
0
10
0
0
0
0
0
10
10
0
0
0
0
0
10
0
0
0
0
0
0
1
1
10
0
0
10
0
0
0
10
0
11
2
3
0
0
10
0
0
0
0
0
0
10
0
10
2
2
0
0
0
10
0
0
0
10
0
0
3
1
0
0
10
0
10
0
10
0
0
10
10
20
0
0
0
1
3
10
0
0
0
0
10
10
0
0
0
0
1
1
0
0
20
0
0
0
0
10
0
0
0
0
0
20
10
0
0
0
0
0
1
0
10
10
0
0
0
1
10
10
0
0
0
10
0
0
10
0
0
1
10
2
4
2
0
0
0
10
10
10
10
26
20
0
0
0
0
10
10
10
0
10
0
0
0
0
0
0
0
0
0
0
10
10
10
0
0
2
10
0
3
2
10
10
0
0
10
10
0
0
10
0
0
0
10
0
0
10
0
0
0
0
10
0
0
10
0
10
0
0
0
0
0
20
20
7
2
0
10
0
0
0
0
0
0
10
0
0
10
0
0
0
0
20
0
10
0
10
10
0
0
0
0
0
10
0
2
2
10
0
0
0
0
0
10
10
0
0
10
0
0
10
0
0
10
1
2
0
0
0
0
10
0
10
10
1
2
10
10
0
10
0
0
0
10
0
10
0
0
0
0
10
0
0
0
10
10
10
23
3
20
10
10
0
0
10
0
10
0
10
20
10
0
10
0
16
20
0
10
0
0
0
20
10
0
0
6
2
4
2
0
0
0
0
10
10
0
10
0
10
0
0
20
0
10
0
0
0
10
10
10
20
0
0
0
0
10
10
20
3
0
0
5
0
0
0
0
10
20
0
2
0
10
0
0
0
0
0
0
0
10
0
0
10
0
0
0
10
0
10
10
10
10
10
10
0
0
0
0
10
10
10
0
0
0
0
0
10
0
0
10
0
0
0
3
1
10
10
10
0
0
0
0
0
0
0
0
10
20
0
10
10
10
10
0
0
10
0
10
0
0
0
0
0
0
0
6
0
0
0
0
0
10
0
0
0
0
0
10
0
2
8
10
10
0
10
0
10
10
20
0
0
0
0
0
0
30
1
10
0
0
0
0
0
0
0
0
10
10
0
0
0
40
1
10
0
0
0
6
2
0
0
0
0
0
10
0
0
0
10
0
0
5
25
0
10
0
0
10
10
10
10
0
0
0
10
10
0
0
0
0
10
10
0
0
30
0
10
10
10
2
4
0
0
0
10
0
0
0
10
10
0
10
0
20
20
0
0
0
10
0
10
30
0
0
0
0
0
10
0
10
10
0
4
2
1
3
1
10
0
0
0
0
0
0
10
10
0
0
0
10
10
20
10
0
10
0
40
10
0
10
0
0
0
0
0
0
0
0
3
10
0
0
0
0
0
0
30
2
2
6
4
8
0
0
10
0
0
0
0
0
0
10
0
0
10
10
0
3
3
0
10
0
10
0
0
0
10
10
0
10
0
0
0
10
0
0
0
0
0
10
10
8
1
3
10
0
0
10
10
0
0
0
0
0
0
10
0
0
0
0
0
1
3
0
0
0
0
0
0
0
30
0
10
10
0
0
0
0
0
0
0
10
20
10
10
10
0
0
0
0
3
1
3
2
1
20
10
0
0
0
0
0
0
20
10
0
10
0
0
0
0
10
0
0
10
0
10
10
0
0
20
10
10
0
3
2
0
0
0
0
0
0
10
2
2
0
0
10
4
0
0
1
5
0
0
0
0
0
10
0
0
10
0
11
2
1
0
0
10
2
0
14
2
0
10
10
0
40
10
0
10
10
0
0
9
5
10
21
0
0
0
0
10
80
