9
9
10
30
0
10
0
20
0
0
10
10
70
0
0
10
0
10
0
40
10
31
0
2
2
3
20
10
0
30
0
0
0
10
0
20
3
4
4
10
30
0
20
10
20
10
0
30
10
0
0
0
0
10
0
2
30
0
0
30
30
0
10
0
10
10
20
0
0
0
20
2
3
2
0
0
20
0
0
0
0
30
4
3
2
20
0
10
30
0
0
0
20
0
10
10
20
20
0
3
10
10
10
10
10
20
0
0
20
30
0
30
9
12
30
20
10
60
20
3
3
10
30
10
20
0
9
7
40
10
10
0
10
10
10
0
10
10
10
0
0
0
0
0
0
10
0
10
10
10
3
20
10
30
10
0
10
0
20
0
20
10
10
12
6
17
3
2
2
8
10
0
0
10
20
20
30
10
0
1
0
10
10
0
10
0
0
10
10
10
0
0
0
0
10
0
0
10
10
0
10
28
0
10
10
10
2
10
10
10
0
3
5
0
20
10
10
10
0
20
0
0
10
10
20
20
0
0
20
10
10
30
10
0
0
0
10
0
20
10
10
11
11
2
11
28
28
0
10
0
0
0
0
0
30
0
0
0
11
0
0
30
0
10
10
40
32
0
0
0
0
0
11
8
2
0
20
0
0
10
10
30
10
40
3
2
15
3
4
2
0
10
0
0
0
10
0
10
0
0
0
0
0
0
0
30
1
2
0
10
10
0
20
10
0
10
10
0
0
0
30
0
10
0
0
20
10
0
10
0
20
20
0
2
24
3
3
3
10
0
0
10
28
2
0
0
10
0
0
0
11
0
0
10
20
0
10
20
10
0
30
30
10
10
0
0
0
0
10
20
0
0
20
0
10
8
2
0
30
20
10
10
10
10
20
0
0
0
0
10
0
30
10
10
10
10
10
0
20
10
0
0
10
10
10
10
11
0
2
0
0
0
0
0
2
2
2
20
3
0
0
0
0
30
0
0
0
0
0
0
10
0
0
0
0
0
0
0
10
0
0
2
0
0
10
0
10
20
0
0
20
0
0
6
0
10
0
20
0
0
0
10
0
0
0
0
0
0
11
2
0
0
10
0
0
0
30
10
0
0
10
0
0
10
0
0
0
0
0
0
10
10
10
10
2
10
0
10
0
10
0
2
3
20
10
0
20
0
10
0
0
0
10
0
10
10
10
20
0
10
20
0
10
0
0
0
10
10
0
0
0
0
0
0
10
10
0
15
2
2
1
2
7
3
1
0
0
0
0
10
10
0
10
10
0
10
40
0
11
0
0
20
0
0
0
10
10
0
0
0
0
0
0
0
0
0
0
0
2
2
0
10
0
40
0
0
0
10
10
10
2
2
0
10
0
0
0
10
10
10
10
10
10
10
1
1
0
0
20
30
10
0
0
10
0
10
2
2
0
0
10
0
10
0
0
0
30
0
0
20
20
0
0
11
3
0
10
20
0
20
10
10
0
10
20
10
3
2
0
20
10
0
10
10
0
10
20
10
0
0
0
10
0
10
20
10
10
10
5
20
0
0
10
0
0
10
0
10
10
10
0
0
10
0
30
0
0
4
5
4
2
2
10
0
0
10
30
20
20
0
10
0
10
0
10
0
30
0
20
10
31
10
0
0
10
20
10
0
0
0
0
0
10
10
30
7
10
0
2
2
0
0
10
0
0
0
0
0
10
10
0
0
0
0
10
0
20
0
0
0
0
20
0
10
10
10
0
10
0
10
0
10
0
2
4
10
10
20
10
0
10
10
0
10
0
10
10
10
0
10
0
10
20
0
10
0
0
0
10
10
0
0
10
20
5
5
0
0
10
10
0
10
10
10
10
0
0
10
10
0
10
0
10
2
12
0
0
0
0
10
0
10
10
2
4
20
0
0
0
10
0
0
0
0
10
0
30
0
10
0
0
10
0
20
20
20
8
15
10
30
20
20
80
40
80
70
0
0
10
0
10
10
0
3
10
0
0
10
0
10
10
70
0
10
22
70
2
6
0
10
10
0
0
0
0
0
10
0
10
0
0
0
0
0
0
20
10
20
10
10
10
16
10
20
0
0
20
3
0
10
3
0
0
10
0
0
0
0
4
0
0
0
10
10
20
0
10
0
10
0
10
10
10
0
10
10
10
0
0
0
0
10
1
0
10
10
30
0
0
30
0
0
0
0
10
20
10
50
0
0
0
10
3
3
32
10
0
10
0
0
0
10
10
20
10
10
0
0
0
0
0
0
10
0
0
0
0
10
10
10
0
10
0
70
2
10
10
0
10
15
0
0
0
0
10
0
10
10
5
7
0
10
0
0
0
0
30
20
0
10
10
0
30
10
10
2
30
10
0
0
10
20
0
0
0
0
20
10
10
10
10
40
0
0
0
20
85
3
3
0
0
0
10
20
10
80
0
0
10
10
1
7
10
20
10
0
70
10
0
0
0
0
20
0
0
0
0
10
10
10
0
0
0
0
0
3
0
0
14
3
10
10
0
0
20
10
0
0
10
10
10
30
10
10
0
0
0
0
0
10
10
0
10
0
0
0
0
0
10
10
10
1
3
5
6
4
20
10
0
10
0
0
0
0
0
10
0
10
10
0
10
10
10
10
0
0
40
10
0
0
0
10
0
10
10
0
0
5
20
30
20
0
10
10
0
30
2
12
2
3
6
0
0
0
0
0
40
0
10
30
0
0
20
0
0
0
3
4
10
0
10
0
10
0
0
10
0
0
10
20
10
20
0
0
0
20
20
10
0
0
2
31
4
0
0
0
0
0
0
0
10
10
10
0
10
10
0
30
30
0
5
1
10
0
10
10
20
0
10
10
10
0
20
0
0
10
10
0
30
10
0
0
0
0
0
0
0
0
0
0
16
3
5
3
0
10
0
10
10
0
10
30
0
0
0
10
10
0
10
0
20
0
0
0
0
20
0
0
0
20
10
20
0
1
3
10
10
0
10
0
0
10
10
2
0
10
0
20
0
0
3
2
10
0
10
0
10
20
10
10
10
0
0
4
2
10
0
10
8
0
2
3
0
0
0
0
0
10
0
0
0
10
0
2
10
10
0
30
0
0
0
0
3
