320
4
19
10
10
10
5
30
10
10
30
10
10
10
10
0
0
0
10
5
0
20
0
0
0
0
0
10
10
0
0
20
10
0
0
0
5
10
10
10
6
5
10
10
10
10
10
20
0
10
11
0
4
0
0
10
0
0
10
10
10
10
10
15
10
10
10
10
0
10
5
10
10
0
10
10
10
0
10
10
10
0
10
0
0
0
6
10
5
0
10
10
10
10
10
10
10
10
10
10
40
0
10
30
6
6
0
10
10
10
10
10
10
20
10
10
0
14
10
10
10
10
10
0
7
6
10
10
0
0
10
10
0
0
3
10
10
10
10
0
10
0
30
0
0
10
6
29
4
10
7
10
10
10
0
0
10
5
20
0
0
0
0
0
10
0
10
0
0
0
0
0
6
6
0
0
0
10
0
0
0
0
0
0
10
10
0
0
7
20
0
3
7
10
10
0
10
10
0
10
0
10
0
0
10
0
4
0
10
0
10
10
10
10
10
8
3
10
10
10
10
0
10
14
0
10
10
0
0
10
0
10
10
0
10
0
3
9
9
3
4
10
0
10
10
10
0
0
0
10
0
10
0
0
10
0
10
0
0
0
0
0
10
0
10
20
10
10
0
0
0
80
5
10
10
0
0
0
10
0
10
20
20
10
0
10
0
10
8
10
10
0
30
0
10
10
0
0
10
0
0
10
0
0
10
30
5
10
10
6
10
10
10
10
10
0
10
10
10
11
10
10
10
4
5
3
4
10
10
10
0
10
10
0
10
0
10
10
6
10
10
10
40
10
10
0
31
4
0
0
10
0
0
0
10
4
0
0
0
0
10
10
10
10
10
10
10
10
3
0
0
4
0
0
10
0
0
0
10
10
40
10
0
10
0
10
10
5
4
10
10
0
10
0
10
0
0
0
10
0
10
10
10
0
10
11
0
0
10
10
10
10
50
10
9
10
0
0
0
10
10
10
10
10
5
0
0
0
0
10
0
10
0
10
10
10
20
10
10
30
20
0
10
0
10
0
10
10
10
11
4
0
10
10
4
0
0
10
0
10
10
10
10
10
0
10
0
0
10
0
10
10
24
10
0
0
10
0
0
0
7
4
10
10
10
10
10
10
10
20
0
10
10
8
10
10
10
20
10
0
0
10
0
4
7
5
6
10
0
10
10
10
0
10
10
0
0
0
0
0
10
0
0
0
0
0
10
4
8
10
10
0
20
0
10
10
10
10
10
10
0
10
10
5
10
10
10
0
0
0
0
0
0
0
10
10
0
0
0
12
10
10
0
10
10
0
0
10
10
10
10
10
0
10
0
10
10
10
0
0
0
10
10
10
10
10
13
0
10
10
10
10
10
0
10
10
10
10
0
0
0
0
0
20
10
10
0
10
11
0
20
0
0
5
10
35
10
10
10
0
0
10
10
0
0
10
0
10
0
4
10
10
10
0
0
10
0
0
5
27
0
0
12
0
11
20
0
10
0
10
10
10
10
0
10
5
10
10
0
10
10
0
0
0
0
0
0
4
7
4
0
0
10
10
0
0
10
10
10
0
0
0
20
0
10
0
5
4
0
30
4
10
10
20
0
0
0
10
10
0
10
0
0
11
10
12
0
0
10
0
0
10
0
4
5
4
8
0
10
0
3
10
10
10
10
0
0
10
0
10
0
10
10
10
10
10
3
11
10
0
0
0
0
10
0
10
17
6
11
10
10
10
4
10
10
0
0
0
0
10
0
10
0
0
10
30
10
0
0
12
2
10
10
10
10
20
10
10
10
10
0
10
11
10
0
23
4
0
0
0
0
20
8
5
6
0
10
10
0
10
