20
7
10
10
30
10
16
10
10
20
10
10
10
10
0
10
10
10
20
10
0
10
10
10
10
20
10
10
10
10
10
10
0
0
10
0
6
0
10
10
12
8
10
10
10
10
10
10
0
10
10
10
6
10
10
10
20
10
0
10
10
10
10
10
10
10
10
10
10
10
21
10
10
10
40
0
0
20
30
0
20
10
10
0
0
20
6
10
7
0
10
20
10
10
20
0
10
10
0
7
10
0
10
10
5
6
0
10
10
10
10
0
10
10
20
10
10
10
10
10
10
0
10
16
6
7
10
0
10
0
10
10
0
10
7
10
10
10
10
20
0
0
10
10
10
10
6
7
7
20
6
50
10
22
0
13
0
7
10
20
10
10
0
10
10
10
10
10
10
10
0
20
6
14
0
10
10
0
10
10
10
10
10
10
10
10
10
20
7
10
10
6
7
10
10
10
0
10
10
0
10
10
10
0
10
20
9
10
10
10
10
10
0
0
10
8
10
10
10
10
0
30
0
10
10
10
10
10
10
10
10
20
10
10
10
10
6
6
17
7
17
10
10
10
10
10
10
0
0
10
10
10
10
10
10
11
0
0
0
20
10
10
10
10
0
10
10
20
10
0
0
0
7
10
0
0
10
10
0
10
10
10
10
0
20
10
10
10
6
10
10
10
0
0
10
10
20
10
10
10
10
0
10
10
0
10
6
10
10
7
10
10
10
10
0
10
10
10
10
10
10
10
20
6
6
6
9
10
10
10
0
10
10
10
10
10
10
10
7
10
10
10
0
10
10
0
8
7
10
10
10
10
10
10
10
7
0
0
10
10
10
10
10
10
0
0
10
10
8
10
10
8
10
10
10
10
0
0
10
10
20
10
10
0
0
10
10
6
8
0
10
0
10
10
0
10
10
0
10
10
10
10
10
10
20
10
10
10
10
10
10
10
0
0
3
10
10
0
0
10
10
0
32
10
8
10
0
10
10
10
0
10
10
10
20
10
10
10
10
0
10
10
10
10
10
10
10
10
10
19
7
10
0
10
10
10
10
10
20
10
10
10
10
10
10
10
0
10
0
10
10
10
6
10
10
10
0
10
0
0
12
7
0
10
10
11
0
10
10
0
10
10
0
7
10
10
10
0
10
10
10
0
10
6
6
6
7
10
0
30
8
0
10
20
10
10
10
10
10
10
10
10
0
0
10
10
0
9
6
10
10
10
10
0
20
10
10
10
10
10
10
10
10
9
10
10
20
10
20
10
10
10
10
0
0
10
30
0
0
8
20
0
20
10
10
0
10
10
10
10
6
10
0
0
10
10
0
20
0
21
0
20
10
10
10
10
7
10
10
10
10
10
10
0
10
10
10
20
10
0
10
0
0
10
10
10
10
20
0
0
0
10
10
19
10
10
10
10
0
0
10
10
0
0
10
0
10
0
40
6
10
0
10
10
10
0
0
10
9
12
20
10
13
10
20
10
10
10
0
10
0
10
10
0
10
7
10
10
10
20
10
10
10
10
0
20
10
12
6
17
0
20
10
0
0
10
0
10
0
10
10
10
10
10
10
10
6
0
0
10
11
20
10
0
0
10
10
10
0
10
0
0
10
7
10
10
0
0
30
0
10
0
10
6
6
30
6
10
10
10
12
10
10
0
0
10
10
10
10
10
10
10
10
10
10
0
6
0
10
10
20
0
60
0
10
10
6
6
7
10
10
10
8
10
10
10
10
10
10
10
1
20
0
20
0
10
10
10
10
6
10
10
10
10
10
10
11
10
10
10
0
10
10
20
0
15
12
10
10
10
0
10
6
6
8
10
10
10
0
10
