312
0
0
10
0
10
10
10
30
0
0
5
9
10
0
0
10
20
6
10
10
10
0
10
10
0
10
0
0
4
4
9
0
0
10
0
20
2
10
10
0
0
0
10
5
0
20
10
10
10
0
0
0
0
0
10
0
10
0
0
0
10
10
10
10
10
0
9
10
0
10
10
0
10
0
0
0
10
0
10
10
10
10
10
10
10
10
20
0
5
0
0
10
0
10
10
10
0
10
10
0
0
0
0
8
0
4
7
5
0
0
5
0
10
0
10
0
0
10
10
10
4
0
10
10
10
10
0
0
5
3
10
0
0
10
4
0
10
0
0
0
10
0
0
20
0
20
0
0
10
10
0
10
4
10
10
10
0
10
11
10
0
10
10
10
0
10
0
0
10
10
10
20
0
0
10
10
0
10
15
2
10
0
10
0
9
10
0
10
10
0
12
3
8
0
20
10
10
0
10
0
0
10
7
0
0
0
23
10
20
10
0
0
10
10
10
10
10
10
10
0
0
10
10
10
0
0
9
10
20
10
50
11
10
10
7
10
10
0
10
0
0
0
10
10
10
10
0
5
6
74
5
10
0
0
70
0
10
0
0
10
10
10
20
9
10
0
10
10
10
10
0
10
9
0
10
10
10
10
10
10
10
10
10
10
20
10
10
4
4
0
10
5
10
0
10
11
10
0
10
10
20
0
0
10
20
10
0
10
24
7
6
0
10
0
0
20
10
0
10
10
10
0
10
0
10
0
10
10
0
0
30
0
8
3
7
10
10
0
0
10
0
0
10
0
0
13
6
7
0
10
10
0
10
10
10
10
2
10
0
16
4
30
10
0
10
10
10
0
10
0
13
10
10
10
0
10
3
6
10
10
0
10
10
0
10
10
10
10
0
10
5
4
4
5
6
10
10
10
0
0
0
0
0
0
10
5
20
10
10
10
20
0
6
10
10
10
0
0
10
10
10
10
10
20
0
7
4
0
23
0
0
0
10
10
10
10
0
0
10
10
0
0
10
0
10
3
7
0
5
3
10
10
10
10
0
10
0
0
10
10
10
10
10
11
10
10
0
10
10
10
4
4
10
0
10
10
0
10
10
10
0
0
6
10
0
0
10
10
0
10
10
0
10
0
0
10
10
6
0
10
0
10
18
4
0
0
0
10
0
0
10
6
10
10
10
0
10
7
0
0
10
20
10
4
6
10
10
10
0
4
10
10
40
10
20
10
10
10
10
10
0
4
0
10
0
0
0
0
0
0
0
30
20
10
0
50
6
10
0
0
0
0
10
10
10
10
10
10
0
1
10
0
3
3
4
10
10
10
10
0
0
20
20
0
0
10
10
30
0
0
0
0
6
10
10
0
10
10
10
10
0
10
10
0
10
10
0
10
10
10
10
10
10
10
0
0
0
0
10
10
4
10
0
10
6
4
9
10
0
10
0
0
10
3
0
10
10
0
0
0
0
0
20
0
10
0
10
0
8
40
0
10
10
0
18
10
0
0
0
0
70
0
0
10
5
3
10
0
10
130
10
