0
0
0
10
0
0
10
0
10
0
10
6
1
0
0
0
0
0
8
0
0
0
10
10
0
10
0
10
0
6
4
5
10
10
10
0
0
0
0
10
10
10
10
0
2
0
0
0
0
10
10
10
0
0
0
0
0
10
10
0
10
0
0
0
10
0
10
4
10
0
0
0
10
10
0
20
0
0
0
0
0
0
0
0
0
10
0
10
10
3
0
0
0
0
0
0
10
0
10
0
0
10
10
10
1
0
3
4
4
10
0
4
0
10
10
0
10
0
0
10
0
6
10
0
0
0
0
0
0
1
8
0
0
30
0
5
0
10
10
10
0
0
20
10
0
0
0
0
10
10
10
10
0
1
10
10
10
10
10
10
10
10
0
0
10
0
0
0
0
0
10
0
10
0
10
0
10
0
10
0
0
0
11
0
10
5
0
0
0
0
0
7
2
6
0
0
0
10
0
10
10
10
0
4
0
0
10
14
10
0
0
0
10
0
10
0
0
0
0
0
0
10
10
0
0
0
0
4
10
10
10
10
0
10
0
3
10
10
0
0
10
10
10
0
30
10
0
0
4
2
1
4
0
0
10
0
10
0
10
10
0
0
40
30
2
10
0
10
10
10
0
10
0
2
10
0
10
0
0
10
10
0
10
10
0
0
0
0
4
5
10
10
3
0
10
0
10
0
0
0
10
0
0
10
0
10
10
10
10
3
1
2
0
10
0
10
10
10
0
10
0
0
10
0
0
0
0
4
0
0
0
0
0
3
5
2
10
10
10
0
0
0
0
0
0
0
2
5
2
0
10
10
0
0
20
10
10
0
0
0
1
0
10
10
0
0
0
0
10
0
0
0
0
0
10
0
20
4
4
0
0
0
10
10
10
0
10
0
0
0
10
2
3
2
7
9
0
0
0
10
10
0
10
0
0
0
3
10
0
0
0
10
0
2
10
0
0
0
0
0
10
10
0
0
0
10
5
3
0
7
0
0
10
0
10
0
0
10
10
0
0
0
10
0
0
0
4
9
10
25
3
0
10
10
0
20
0
10
0
0
0
10
10
0
3
10
0
0
0
0
0
1
4
0
0
0
0
0
0
0
10
10
0
10
0
0
0
0
10
0
10
0
20
0
10
10
0
0
2
10
0
0
0
3
4
0
0
0
20
0
10
0
4
0
0
0
10
0
4
10
20
0
0
0
1
2
0
10
10
0
4
0
0
0
0
0
0
0
10
0
0
10
4
10
0
0
10
10
0
10
0
10
10
0
10
0
0
3
0
10
0
0
2
0
10
0
2
0
0
0
0
0
10
11
10
4
0
0
0
0
0
0
20
0
0
0
0
10
0
10
0
10
0
1
0
0
10
0
10
0
10
0
0
10
0
20
0
0
10
0
10
0
0
0
10
10
0
0
0
0
0
6
0
10
0
2
2
2
10
10
0
10
0
0
3
0
0
10
0
10
0
10
10
0
0
0
0
0
10
3
0
10
0
10
10
0
0
10
10
0
10
0
10
10
0
4
1
10
10
0
0
10
